1.078	1.6399999999999998e-8	8.031079560167e-16
1.078	3.2799999999999996e-8	1.247396325978e-15
1.078	4.919999999999999e-8	1.461578730636e-15
1.078	6.559999999999999e-8	1.578677550564e-15
1.078	8.199999999999999e-8	1.651367746532e-15
1.078	9.839999999999998e-8	1.700626994718e-15
1.078	1.1479999999999998e-7	1.736131882033e-15
1.078	1.3119999999999998e-7	1.762907177058e-15
1.078	1.4759999999999997e-7	1.783806748657e-15
1.078	1.6399999999999999e-7	1.80056710171e-15
1.078	1.8039999999999997e-7	1.814303784525e-15
1.078	1.9679999999999996e-7	1.825765473659e-15
1.078	2.1319999999999998e-7	1.835473016318e-15
1.078	2.2959999999999996e-7	1.843799811949e-15
1.078	2.4599999999999995e-7	1.851020459958e-15
1.078	2.6239999999999997e-7	1.857341366037e-15
1.078	2.788e-7	1.862920648665e-15
1.078	2.9519999999999994e-7	1.867881464675e-15
1.078	3.1159999999999996e-7	1.872321157015e-15
1.078	3.2799999999999997e-7	1.876317675591e-15
1.078	3.4439999999999993e-7	1.87993417391e-15
1.078	3.6079999999999995e-7	1.883222358392e-15
1.078	3.7719999999999996e-7	1.886224967895e-15
1.078	3.935999999999999e-7	1.888977635881e-15
1.078	4.0999999999999994e-7	1.891510307305e-15
1.078	4.2639999999999995e-7	1.893848329629e-15
1.078	4.4279999999999997e-7	1.89601330213e-15
1.078	4.5919999999999993e-7	1.898023743725e-15
1.078	4.7559999999999994e-7	1.899895622973e-15
1.078	4.919999999999999e-7	1.901642782339e-15
1.078	5.084e-7	1.903277280509e-15
1.078	5.247999999999999e-7	1.904809670664e-15
1.078	5.411999999999999e-7	1.906249228241e-15
1.078	5.576e-7	1.907604138581e-15
1.078	5.739999999999999e-7	1.908881652457e-15
1.078	5.903999999999999e-7	1.910088215717e-15
1.078	6.068e-7	1.911229577937e-15
1.078	6.231999999999999e-7	1.912310883944e-15
1.078	6.395999999999999e-7	1.913336751267e-15
1.078	6.559999999999999e-7	1.914311335993e-15
1.078	6.723999999999999e-7	1.915238388991e-15
1.078	6.887999999999999e-7	1.916121304113e-15
1.078	7.051999999999999e-7	1.916963159677e-15
1.078	7.215999999999999e-7	1.917766754297e-15
1.078	7.379999999999999e-7	1.918534637941e-15
1.078	7.543999999999999e-7	1.919269138941e-15
1.078	7.707999999999999e-7	1.919972387556e-15
1.078	7.871999999999998e-7	1.920646336596e-15
1.078	8.035999999999999e-7	1.921292779515e-15
1.078	8.199999999999999e-7	1.921913366342e-15
1.078	8.363999999999999e-7	1.922509617735e-15
1.078	8.527999999999999e-7	1.923082937414e-15
1.078	8.691999999999999e-7	1.92363462319e-15
1.078	8.855999999999999e-7	1.924165876764e-15
1.078	9.019999999999999e-7	1.924677812464e-15
1.078	9.183999999999999e-7	1.925171465045e-15
1.078	9.347999999999999e-7	1.925647796661e-15
1.078	9.511999999999999e-7	1.926107703126e-15
1.078	9.675999999999998e-7	1.926552019534e-15
1.078	9.839999999999998e-7	1.926981525316e-15
1.078	1.0003999999999998e-6	1.927396948801e-15
1.078	1.0168e-6	1.92779897134e-15
1.078	1.0332e-6	1.928188231027e-15
1.078	1.0495999999999999e-6	1.928565326083e-15
1.078	1.0659999999999998e-6	1.928930817921e-15
1.078	1.0823999999999998e-6	1.929285233932e-15
1.078	1.0988e-6	1.929629070027e-15
1.078	1.1152e-6	1.929962792946e-15
1.078	1.1315999999999999e-6	1.930286842379e-15
1.078	1.1479999999999999e-6	1.930601632889e-15
1.078	1.1643999999999998e-6	1.930907555688e-15
1.078	1.1807999999999998e-6	1.931204980256e-15
1.078	1.1972e-6	1.931494255829e-15
1.078	1.2136e-6	1.931775712766e-15
1.078	1.2299999999999999e-6	1.932049663809e-15
1.078	1.2463999999999998e-6	1.932316405241e-15
1.078	1.2627999999999998e-6	1.932576217954e-15
1.078	1.2791999999999998e-6	1.932829368438e-15
1.078	1.2956e-6	1.933076109689e-15
1.078	1.3119999999999999e-6	1.933316682053e-15
1.078	1.3283999999999999e-6	1.933551314009e-15
1.078	1.3447999999999998e-6	1.933780222891e-15
1.078	1.3611999999999998e-6	1.93400361556e-15
1.078	1.3775999999999997e-6	1.934221689026e-15
1.078	1.394e-6	1.934434631028e-15
1.078	1.4103999999999999e-6	1.934642620574e-15
1.078	1.4267999999999998e-6	1.934845828442e-15
1.078	1.4431999999999998e-6	1.935044417646e-15
1.078	1.4595999999999998e-6	1.935238543876e-15
1.078	1.4759999999999997e-6	1.935428355901e-15
1.078	1.4923999999999999e-6	1.935613995952e-15
1.078	1.5087999999999999e-6	1.935795600074e-15
1.078	1.5251999999999998e-6	1.935973298463e-15
1.078	1.5415999999999998e-6	1.936147215774e-15
1.078	1.5579999999999997e-6	1.936317471412e-15
1.078	1.5743999999999997e-6	1.936484179809e-15
1.078	1.5907999999999999e-6	1.936647450678e-15
1.078	1.6071999999999998e-6	1.936807389252e-15
1.078	1.6235999999999998e-6	1.936964096513e-15
1.078	1.6399999999999998e-6	1.937117669405e-15
1.127	1.6399999999999998e-8	5.115586748928e-16
1.127	3.2799999999999996e-8	1.55232848179e-15
1.127	4.919999999999999e-8	2.563451502771e-15
1.127	6.559999999999999e-8	3.317080171098e-15
1.127	8.199999999999999e-8	3.852975317227e-15
1.127	9.839999999999998e-8	4.240961635278e-15
1.127	1.1479999999999998e-7	4.53064446677e-15
1.127	1.3119999999999998e-7	4.753532625867e-15
1.127	1.4759999999999997e-7	4.92960693324e-15
1.127	1.6399999999999999e-7	5.07185635084e-15
1.127	1.8039999999999997e-7	5.188985115973e-15
1.127	1.9679999999999996e-7	5.287002127905e-15
1.127	2.1319999999999998e-7	5.370170091071e-15
1.127	2.2959999999999996e-7	5.441587573387e-15
1.127	2.4599999999999995e-7	5.503556225221e-15
1.127	2.6239999999999997e-7	5.557818900868e-15
1.127	2.788e-7	5.605718060997e-15
1.127	2.9519999999999994e-7	5.648303638368e-15
1.127	3.1159999999999996e-7	5.686408070448e-15
1.127	3.2799999999999997e-7	5.720699512052e-15
1.127	3.4439999999999993e-7	5.751720242483e-15
1.127	3.6079999999999995e-7	5.779914833648e-15
1.127	3.7719999999999996e-7	5.805651112612e-15
1.127	3.935999999999999e-7	5.829235971606e-15
1.127	4.0999999999999994e-7	5.850927439015e-15
1.127	4.2639999999999995e-7	5.870944000133e-15
1.127	4.4279999999999997e-7	5.889471869548e-15
1.127	4.5919999999999993e-7	5.906670720198e-15
1.127	4.7559999999999994e-7	5.922678237069e-15
1.127	4.919999999999999e-7	5.937613766831e-15
1.127	5.084e-7	5.951581265594e-15
1.127	5.247999999999999e-7	5.964671697025e-15
1.127	5.411999999999999e-7	5.976964996524e-15
1.127	5.576e-7	5.988531690222e-15
1.127	5.739999999999999e-7	5.999434237414e-15
1.127	5.903999999999999e-7	6.009728149928e-15
1.127	6.068e-7	6.01946293044e-15
1.127	6.231999999999999e-7	6.028682862938e-15
1.127	6.395999999999999e-7	6.037427681799e-15
1.127	6.559999999999999e-7	6.045733140635e-15
1.127	6.723999999999999e-7	6.053631497989e-15
1.127	6.887999999999999e-7	6.061151933696e-15
1.127	7.051999999999999e-7	6.068320907179e-15
1.127	7.215999999999999e-7	6.075162466909e-15
1.127	7.379999999999999e-7	6.081698518597e-15
1.127	7.543999999999999e-7	6.087949058408e-15
1.127	7.707999999999999e-7	6.09393237639e-15
1.127	7.871999999999998e-7	6.099665234473e-15
1.127	8.035999999999999e-7	6.105163022645e-15
1.127	8.199999999999999e-7	6.110439896386e-15
1.127	8.363999999999999e-7	6.115508897916e-15
1.127	8.527999999999999e-7	6.120382063434e-15
1.127	8.691999999999999e-7	6.125070518216e-15
1.127	8.855999999999999e-7	6.129584561121e-15
1.127	9.019999999999999e-7	6.133933739877e-15
1.127	9.183999999999999e-7	6.138126918285e-15
1.127	9.347999999999999e-7	6.142172336341e-15
1.127	9.511999999999999e-7	6.146077664129e-15
1.127	9.675999999999998e-7	6.149850050225e-15
1.127	9.839999999999998e-7	6.153496165252e-15
1.127	1.0003999999999998e-6	6.157022241149e-15
1.127	1.0168e-6	6.160434106624e-15
1.127	1.0332e-6	6.163737219236e-15
1.127	1.0495999999999999e-6	6.166936694456e-15
1.127	1.0659999999999998e-6	6.17003733204e-15
1.127	1.0823999999999998e-6	6.173043640009e-15
1.127	1.0988e-6	6.17595985647e-15
1.127	1.1152e-6	6.178789969507e-15
1.127	1.1315999999999999e-6	6.181537735345e-15
1.127	1.1479999999999999e-6	6.184206694952e-15
1.127	1.1643999999999998e-6	6.18680018923e-15
1.127	1.1807999999999998e-6	6.189321372946e-15
1.127	1.1972e-6	6.191773227511e-15
1.127	1.2136e-6	6.19415857272e-15
1.127	1.2299999999999999e-6	6.196480077553e-15
1.127	1.2463999999999998e-6	6.198740270122e-15
1.127	1.2627999999999998e-6	6.200941546841e-15
1.127	1.2791999999999998e-6	6.203086180886e-15
1.127	1.2956e-6	6.205176330015e-15
1.127	1.3119999999999999e-6	6.207214043799e-15
1.127	1.3283999999999999e-6	6.209201270317e-15
1.127	1.3447999999999998e-6	6.21113986236e-15
1.127	1.3611999999999998e-6	6.213031583181e-15
1.127	1.3775999999999997e-6	6.214878111842e-15
1.127	1.394e-6	6.216681048176e-15
1.127	1.4103999999999999e-6	6.218441917406e-15
1.127	1.4267999999999998e-6	6.22016217444e-15
1.127	1.4431999999999998e-6	6.221843207878e-15
1.127	1.4595999999999998e-6	6.223486343747e-15
1.127	1.4759999999999997e-6	6.225092848983e-15
1.127	1.4923999999999999e-6	6.226663934685e-15
1.127	1.5087999999999999e-6	6.228200759161e-15
1.127	1.5251999999999998e-6	6.229704430767e-15
1.127	1.5415999999999998e-6	6.231176010576e-15
1.127	1.5579999999999997e-6	6.232616514866e-15
1.127	1.5743999999999997e-6	6.234026917466e-15
1.127	1.5907999999999999e-6	6.235408151942e-15
1.127	1.6071999999999998e-6	6.23676111366e-15
1.127	1.6235999999999998e-6	6.238086661718e-15
1.127	1.6399999999999998e-6	6.239385620766e-15
1.1760000000000002	1.6399999999999998e-8	3.543033112617e-16
1.1760000000000002	3.2799999999999996e-8	1.270973747214e-15
1.1760000000000002	4.919999999999999e-8	2.425011617381e-15
1.1760000000000002	6.559999999999999e-8	3.616511445733e-15
1.1760000000000002	8.199999999999999e-8	4.69661726317e-15
1.1760000000000002	9.839999999999998e-8	5.612233523082e-15
1.1760000000000002	1.1479999999999998e-7	6.369103658259e-15
1.1760000000000002	1.3119999999999998e-7	6.992061775481e-15
1.1760000000000002	1.4759999999999997e-7	7.507402758668e-15
1.1760000000000002	1.6399999999999999e-7	7.93751719573e-15
1.1760000000000002	1.8039999999999997e-7	8.300140069168e-15
1.1760000000000002	1.9679999999999996e-7	8.608971170165e-15
1.1760000000000002	2.1319999999999998e-7	8.874534889114e-15
1.1760000000000002	2.2959999999999996e-7	9.104943208614e-15
1.1760000000000002	2.4599999999999995e-7	9.306495336923e-15
1.1760000000000002	2.6239999999999997e-7	9.4841281839e-15
1.1760000000000002	2.788e-7	9.641749331695e-15
1.1760000000000002	2.9519999999999994e-7	9.78248237683e-15
1.1760000000000002	3.1159999999999996e-7	9.908848305001e-15
1.1760000000000002	3.2799999999999997e-7	1.002290046463e-14
1.1760000000000002	3.4439999999999993e-7	1.012632584071e-14
1.1760000000000002	3.6079999999999995e-7	1.02205217274e-14
1.1760000000000002	3.7719999999999996e-7	1.030665431116e-14
1.1760000000000002	3.935999999999999e-7	1.038570384208e-14
1.1760000000000002	4.0999999999999994e-7	1.045849977451e-14
1.1760000000000002	4.2639999999999995e-7	1.052574833913e-14
1.1760000000000002	4.4279999999999997e-7	1.05880543542e-14
1.1760000000000002	4.5919999999999993e-7	1.064593861456e-14
1.1760000000000002	4.7559999999999994e-7	1.0699851858e-14
1.1760000000000002	4.919999999999999e-7	1.075018606148e-14
1.1760000000000002	5.084e-7	1.079728363883e-14
1.1760000000000002	5.247999999999999e-7	1.084144497687e-14
1.1760000000000002	5.411999999999999e-7	1.088293464728e-14
1.1760000000000002	5.576e-7	1.092198655579e-14
1.1760000000000002	5.739999999999999e-7	1.095880823351e-14
1.1760000000000002	5.903999999999999e-7	1.099358443153e-14
1.1760000000000002	6.068e-7	1.102648014656e-14
1.1760000000000002	6.231999999999999e-7	1.10576431793e-14
1.1760000000000002	6.395999999999999e-7	1.108720630721e-14
1.1760000000000002	6.559999999999999e-7	1.111528913755e-14
1.1760000000000002	6.723999999999999e-7	1.114199969385e-14
1.1760000000000002	6.887999999999999e-7	1.116743577953e-14
1.1760000000000002	7.051999999999999e-7	1.1191686154e-14
1.1760000000000002	7.215999999999999e-7	1.121483155061e-14
1.1760000000000002	7.379999999999999e-7	1.123694556072e-14
1.1760000000000002	7.543999999999999e-7	1.125809540371e-14
1.1760000000000002	7.707999999999999e-7	1.127834259988e-14
1.1760000000000002	7.871999999999998e-7	1.129774356006e-14
1.1760000000000002	8.035999999999999e-7	1.131635010377e-14
1.1760000000000002	8.199999999999999e-7	1.133420991568e-14
1.1760000000000002	8.363999999999999e-7	1.135136694891e-14
1.1760000000000002	8.527999999999999e-7	1.136786178209e-14
1.1760000000000002	8.691999999999999e-7	1.138373193631e-14
1.1760000000000002	8.855999999999999e-7	1.139901215711e-14
1.1760000000000002	9.019999999999999e-7	1.141373466587e-14
1.1760000000000002	9.183999999999999e-7	1.142792938446e-14
1.1760000000000002	9.347999999999999e-7	1.14416241363e-14
1.1760000000000002	9.511999999999999e-7	1.145484482682e-14
1.1760000000000002	9.675999999999998e-7	1.146761560561e-14
1.1760000000000002	9.839999999999998e-7	1.147995901238e-14
1.1760000000000002	1.0003999999999998e-6	1.149189610869e-14
1.1760000000000002	1.0168e-6	1.150344659696e-14
1.1760000000000002	1.0332e-6	1.151462892816e-14
1.1760000000000002	1.0495999999999999e-6	1.152546039947e-14
1.1760000000000002	1.0659999999999998e-6	1.153595724291e-14
1.1760000000000002	1.0823999999999998e-6	1.154613470598e-14
1.1760000000000002	1.0988e-6	1.155600712509e-14
1.1760000000000002	1.1152e-6	1.156558799247e-14
1.1760000000000002	1.1315999999999999e-6	1.157489001734e-14
1.1760000000000002	1.1479999999999999e-6	1.158392518183e-14
1.1760000000000002	1.1643999999999998e-6	1.159270479215e-14
1.1760000000000002	1.1807999999999998e-6	1.160123952554e-14
1.1760000000000002	1.1972e-6	1.160953947335e-14
1.1760000000000002	1.2136e-6	1.161761418064e-14
1.1760000000000002	1.2299999999999999e-6	1.16254726826e-14
1.1760000000000002	1.2463999999999998e-6	1.16331235381e-14
1.1760000000000002	1.2627999999999998e-6	1.164057486066e-14
1.1760000000000002	1.2791999999999998e-6	1.164783434698e-14
1.1760000000000002	1.2956e-6	1.165490930337e-14
1.1760000000000002	1.3119999999999999e-6	1.166180667014e-14
1.1760000000000002	1.3283999999999999e-6	1.166853304423e-14
1.1760000000000002	1.3447999999999998e-6	1.167509470014e-14
1.1760000000000002	1.3611999999999998e-6	1.168149760941e-14
1.1760000000000002	1.3775999999999997e-6	1.168774745864e-14
1.1760000000000002	1.394e-6	1.169384966628e-14
1.1760000000000002	1.4103999999999999e-6	1.169980939823e-14
1.1760000000000002	1.4267999999999998e-6	1.170563158239e-14
1.1760000000000002	1.4431999999999998e-6	1.171132092217e-14
1.1760000000000002	1.4595999999999998e-6	1.171688190915e-14
1.1760000000000002	1.4759999999999997e-6	1.172231883483e-14
1.1760000000000002	1.4923999999999999e-6	1.172763580166e-14
1.1760000000000002	1.5087999999999999e-6	1.173283673335e-14
1.1760000000000002	1.5251999999999998e-6	1.173792538443e-14
1.1760000000000002	1.5415999999999998e-6	1.174290534932e-14
1.1760000000000002	1.5579999999999997e-6	1.174778007075e-14
1.1760000000000002	1.5743999999999997e-6	1.175255284766e-14
1.1760000000000002	1.5907999999999999e-6	1.175722684265e-14
1.1760000000000002	1.6071999999999998e-6	1.176180508893e-14
1.1760000000000002	1.6235999999999998e-6	1.176629049686e-14
1.1760000000000002	1.6399999999999998e-6	1.177068586011e-14
1.225	1.6399999999999998e-8	2.786773892441e-16
1.225	3.2799999999999996e-8	1.096034315542e-15
1.225	4.919999999999999e-8	2.095692111525e-15
1.225	6.559999999999999e-8	3.258605433735e-15
1.225	8.199999999999999e-8	4.508480221999e-15
1.225	9.839999999999998e-8	5.746249576639e-15
1.225	1.1479999999999998e-7	6.903159862876e-15
1.225	1.3119999999999998e-7	7.947781927829e-15
1.225	1.4759999999999997e-7	8.873841688492e-15
1.225	1.6399999999999999e-7	9.687990549235e-15
1.225	1.8039999999999997e-7	1.040206331237e-14
1.225	1.9679999999999996e-7	1.102903296799e-14
1.225	2.1319999999999998e-7	1.158117122077e-14
1.225	2.2959999999999996e-7	1.206935709492e-14
1.225	2.4599999999999995e-7	1.250293200015e-14
1.225	2.6239999999999997e-7	1.288979073124e-14
1.225	2.788e-7	1.323655751681e-14
1.225	2.9519999999999994e-7	1.354877793544e-14
1.225	3.1159999999999996e-7	1.383109763119e-14
1.225	3.2799999999999997e-7	1.40874177469e-14
1.225	3.4439999999999993e-7	1.432102554954e-14
1.225	3.6079999999999995e-7	1.453470224655e-14
1.225	3.7719999999999996e-7	1.47308111617e-14
1.225	3.935999999999999e-7	1.491136955724e-14
1.225	4.0999999999999994e-7	1.507810708323e-14
1.225	4.2639999999999995e-7	1.523251339557e-14
1.225	4.4279999999999997e-7	1.537587704097e-14
1.225	4.5919999999999993e-7	1.550931731049e-14
1.225	4.7559999999999994e-7	1.563381042821e-14
1.225	4.919999999999999e-7	1.575021116761e-14
1.225	5.084e-7	1.585927076713e-14
1.225	5.247999999999999e-7	1.596165184048e-14
1.225	5.411999999999999e-7	1.605794083762e-14
1.225	5.576e-7	1.61486585018e-14
1.225	5.739999999999999e-7	1.623426868054e-14
1.225	5.903999999999999e-7	1.63151857791e-14
1.225	6.068e-7	1.639178108988e-14
1.225	6.231999999999999e-7	1.646438818746e-14
1.225	6.395999999999999e-7	1.653330754381e-14
1.225	6.559999999999999e-7	1.659881049032e-14
1.225	6.723999999999999e-7	1.666114263053e-14
1.225	6.887999999999999e-7	1.672052678935e-14
1.225	7.051999999999999e-7	1.677716556982e-14
1.225	7.215999999999999e-7	1.683124357623e-14
1.225	7.379999999999999e-7	1.688292935294e-14
1.225	7.543999999999999e-7	1.693237708002e-14
1.225	7.707999999999999e-7	1.697972806013e-14
1.225	7.871999999999998e-7	1.702511202597e-14
1.225	8.035999999999999e-7	1.706864829265e-14
1.225	8.199999999999999e-7	1.711044677606e-14
1.225	8.363999999999999e-7	1.715060889479e-14
1.225	8.527999999999999e-7	1.718922837086e-14
1.225	8.691999999999999e-7	1.722639194207e-14
1.225	8.855999999999999e-7	1.726217999712e-14
1.225	9.019999999999999e-7	1.729666714314e-14
1.225	9.183999999999999e-7	1.732992271358e-14
1.225	9.347999999999999e-7	1.736201122392e-14
1.225	9.511999999999999e-7	1.7392992781e-14
1.225	9.675999999999998e-7	1.742292345166e-14
1.225	9.839999999999998e-7	1.745185559502e-14
1.225	1.0003999999999998e-6	1.747983816278e-14
1.225	1.0168e-6	1.750691697081e-14
1.225	1.0332e-6	1.753313494533e-14
1.225	1.0495999999999999e-6	1.755853234633e-14
1.225	1.0659999999999998e-6	1.758314697067e-14
1.225	1.0823999999999998e-6	1.760701433693e-14
1.225	1.0988e-6	1.763016785397e-14
1.225	1.1152e-6	1.765263897472e-14
1.225	1.1315999999999999e-6	1.767445733683e-14
1.225	1.1479999999999999e-6	1.769565089135e-14
1.225	1.1643999999999998e-6	1.771624602067e-14
1.225	1.1807999999999998e-6	1.773626764668e-14
1.225	1.1972e-6	1.775573933023e-14
1.225	1.2136e-6	1.77746833625e-14
1.225	1.2299999999999999e-6	1.779312084915e-14
1.225	1.2463999999999998e-6	1.781107178791e-14
1.225	1.2627999999999998e-6	1.782855514018e-14
1.225	1.2791999999999998e-6	1.784558889707e-14
1.225	1.2956e-6	1.786219014061e-14
1.225	1.3119999999999999e-6	1.787837510024e-14
1.225	1.3283999999999999e-6	1.789415920531e-14
1.225	1.3447999999999998e-6	1.790955713359e-14
1.225	1.3611999999999998e-6	1.792458285644e-14
1.225	1.3775999999999997e-6	1.793924968071e-14
1.225	1.394e-6	1.795357028766e-14
1.225	1.4103999999999999e-6	1.796755676928e-14
1.225	1.4267999999999998e-6	1.798122066201e-14
1.225	1.4431999999999998e-6	1.799457297823e-14
1.225	1.4595999999999998e-6	1.800762423566e-14
1.225	1.4759999999999997e-6	1.802038448473e-14
1.225	1.4923999999999999e-6	1.803286333425e-14
1.225	1.5087999999999999e-6	1.80450699753e-14
1.225	1.5251999999999998e-6	1.80570132037e-14
1.225	1.5415999999999998e-6	1.806870144097e-14
1.225	1.5579999999999997e-6	1.808014275401e-14
1.225	1.5743999999999997e-6	1.809134487353e-14
1.225	1.5907999999999999e-6	1.810231521135e-14
1.225	1.6071999999999998e-6	1.811306087669e-14
1.225	1.6235999999999998e-6	1.812358869137e-14
1.225	1.6399999999999998e-6	1.813390520422e-14
1.274	1.6399999999999998e-8	0.e-15
1.274	3.2799999999999996e-8	9.978599928187e-16
1.274	4.919999999999999e-8	1.85076201291e-15
1.274	6.559999999999999e-8	2.867756432623e-15
1.274	8.199999999999999e-8	4.032878518538e-15
1.274	9.839999999999998e-8	5.295467430528e-15
1.274	1.1479999999999998e-7	6.593165600275e-15
1.274	1.3119999999999998e-7	7.871113138556e-15
1.274	1.4759999999999997e-7	9.091021147947e-15
1.274	1.6399999999999999e-7	1.023113938809e-14
1.274	1.8039999999999997e-7	1.128229297676e-14
1.274	1.9679999999999996e-7	1.224350360767e-14
1.274	2.1319999999999998e-7	1.311853859415e-14
1.274	2.2959999999999996e-7	1.391356947626e-14
1.274	2.4599999999999995e-7	1.463572043073e-14
1.274	2.6239999999999997e-7	1.529222982335e-14
1.274	2.788e-7	1.589000155928e-14
1.274	2.9519999999999994e-7	1.643539150197e-14
1.274	3.1159999999999996e-7	1.693412958473e-14
1.274	3.2799999999999997e-7	1.739131659168e-14
1.274	3.4439999999999993e-7	1.781145930282e-14
1.274	3.6079999999999995e-7	1.819852299655e-14
1.274	3.7719999999999996e-7	1.855598953175e-14
1.274	3.935999999999999e-7	1.888691469138e-14
1.274	4.0999999999999994e-7	1.9193981642e-14
1.274	4.2639999999999995e-7	1.947954916864e-14
1.274	4.4279999999999997e-7	1.974569434007e-14
1.274	4.5919999999999993e-7	1.999424978343e-14
1.274	4.7559999999999994e-7	2.02268359994e-14
1.274	4.919999999999999e-7	2.044488924745e-14
1.274	5.084e-7	2.064968554658e-14
1.274	5.247999999999999e-7	2.084236130903e-14
1.274	5.411999999999999e-7	2.102393107696e-14
1.274	5.576e-7	2.119530277829e-14
1.274	5.739999999999999e-7	2.135729086312e-14
1.274	5.903999999999999e-7	2.151062763238e-14
1.274	6.068e-7	2.165597302463e-14
1.274	6.231999999999999e-7	2.179392308743e-14
1.274	6.395999999999999e-7	2.192501732542e-14
1.274	6.559999999999999e-7	2.204974508777e-14
1.274	6.723999999999999e-7	2.216855113308e-14
1.274	6.887999999999999e-7	2.228184048838e-14
1.274	7.051999999999999e-7	2.238998270148e-14
1.274	7.215999999999999e-7	2.249331557065e-14
1.274	7.379999999999999e-7	2.259214842322e-14
1.274	7.543999999999999e-7	2.268676500388e-14
1.274	7.707999999999999e-7	2.277742602478e-14
1.274	7.871999999999998e-7	2.286437142169e-14
1.274	8.035999999999999e-7	2.294782235429e-14
1.274	8.199999999999999e-7	2.302798298323e-14
1.274	8.363999999999999e-7	2.310504205197e-14
1.274	8.527999999999999e-7	2.317917429759e-14
1.274	8.691999999999999e-7	2.325054171149e-14
1.274	8.855999999999999e-7	2.331929466797e-14
1.274	9.019999999999999e-7	2.338557293632e-14
1.274	9.183999999999999e-7	2.344950659016e-14
1.274	9.347999999999999e-7	2.351121682577e-14
1.274	9.511999999999999e-7	2.357081669967e-14
1.274	9.675999999999998e-7	2.362841179469e-14
1.274	9.839999999999998e-7	2.368410082221e-14
1.274	1.0003999999999998e-6	2.373797616763e-14
1.274	1.0168e-6	2.379012438514e-14
1.274	1.0332e-6	2.384062664717e-14
1.274	1.0495999999999999e-6	2.388955915317e-14
1.274	1.0659999999999998e-6	2.393699350202e-14
1.274	1.0823999999999998e-6	2.39829970317e-14
1.274	1.0988e-6	2.402763312952e-14
1.274	1.1152e-6	2.40709615158e-14
1.274	1.1315999999999999e-6	2.411303850362e-14
1.274	1.1479999999999999e-6	2.415391723695e-14
1.274	1.1643999999999998e-6	2.419364790921e-14
1.274	1.1807999999999998e-6	2.423227796407e-14
1.274	1.1972e-6	2.42698522802e-14
1.274	1.2136e-6	2.430641334135e-14
1.274	1.2299999999999999e-6	2.434200139323e-14
1.274	1.2463999999999998e-6	2.437665458822e-14
1.274	1.2627999999999998e-6	2.441040911903e-14
1.274	1.2791999999999998e-6	2.44432993424e-14
1.274	1.2956e-6	2.447535789347e-14
1.274	1.3119999999999999e-6	2.450661579184e-14
1.274	1.3283999999999999e-6	2.453710253988e-14
1.274	1.3447999999999998e-6	2.456684621395e-14
1.274	1.3611999999999998e-6	2.459587354922e-14
1.274	1.3775999999999997e-6	2.462421001847e-14
1.274	1.394e-6	2.465187990542e-14
1.274	1.4103999999999999e-6	2.46789063731e-14
1.274	1.4267999999999998e-6	2.470531152747e-14
1.274	1.4431999999999998e-6	2.473111647685e-14
1.274	1.4595999999999998e-6	2.475634138737e-14
1.274	1.4759999999999997e-6	2.478100553477e-14
1.274	1.4923999999999999e-6	2.480512735284e-14
1.274	1.5087999999999999e-6	2.482872447878e-14
1.274	1.5251999999999998e-6	2.485181379556e-14
1.274	1.5415999999999998e-6	2.487441147175e-14
1.274	1.5579999999999997e-6	2.489653299877e-14
1.274	1.5743999999999997e-6	2.491819322584e-14
1.274	1.5907999999999999e-6	2.493940639287e-14
1.274	1.6071999999999998e-6	2.496018616128e-14
1.274	1.6235999999999998e-6	2.4980545643e-14
1.274	1.6399999999999998e-6	2.500049742772e-14
1.323	1.6399999999999998e-8	0.e-15
1.323	3.2799999999999996e-8	9.013026625871e-16
1.323	4.919999999999999e-8	1.661552424887e-15
1.323	6.559999999999999e-8	2.560144555059e-15
1.323	8.199999999999999e-8	3.599034486251e-15
1.323	9.839999999999998e-8	4.761432504936e-15
1.323	1.1479999999999998e-7	6.019120071676e-15
1.323	1.3119999999999998e-7	7.335198659283e-15
1.323	1.4759999999999997e-7	8.671186916033e-15
1.323	1.6399999999999999e-7	9.993483439738e-15
1.323	1.8039999999999997e-7	1.127653405773e-14
1.323	1.9679999999999996e-7	1.250314277512e-14
1.323	2.1319999999999998e-7	1.366325122707e-14
1.323	2.2959999999999996e-7	1.475223576667e-14
1.323	2.4599999999999995e-7	1.576928914613e-14
1.323	2.6239999999999997e-7	1.671610521505e-14
1.323	2.788e-7	1.759589921064e-14
1.323	2.9519999999999994e-7	1.841271887689e-14
1.323	3.1159999999999996e-7	1.917098108188e-14
1.323	3.2799999999999997e-7	1.98751725396e-14
1.323	3.4439999999999993e-7	2.052966512496e-14
1.323	3.6079999999999995e-7	2.113860881302e-14
1.323	3.7719999999999996e-7	2.170587586307e-14
1.323	3.935999999999999e-7	2.223503797448e-14
1.323	4.0999999999999994e-7	2.272936402373e-14
1.323	4.2639999999999995e-7	2.319183012412e-14
1.323	4.4279999999999997e-7	2.362513659151e-14
1.323	4.5919999999999993e-7	2.40317283241e-14
1.323	4.7559999999999994e-7	2.441381639334e-14
1.323	4.919999999999999e-7	2.477339949649e-14
1.323	5.084e-7	2.511228448133e-14
1.323	5.247999999999999e-7	2.543210551607e-14
1.323	5.411999999999999e-7	2.573434170832e-14
1.323	5.576e-7	2.602033312127e-14
1.323	5.739999999999999e-7	2.629129522167e-14
1.323	5.903999999999999e-7	2.654833184421e-14
1.323	6.068e-7	2.679244678207e-14
1.323	6.231999999999999e-7	2.702455412409e-14
1.323	6.395999999999999e-7	2.724548746012e-14
1.323	6.559999999999999e-7	2.745600807157e-14
1.323	6.723999999999999e-7	2.765681221676e-14
1.323	6.887999999999999e-7	2.784853761171e-14
1.323	7.051999999999999e-7	2.803176919753e-14
1.323	7.215999999999999e-7	2.820704427629e-14
1.323	7.379999999999999e-7	2.837485708818e-14
1.323	7.543999999999999e-7	2.853566289491e-14
1.323	7.707999999999999e-7	2.868988162641e-14
1.323	7.871999999999998e-7	2.883790114138e-14
1.323	8.035999999999999e-7	2.898008014623e-14
1.323	8.199999999999999e-7	2.911675081148e-14
1.323	8.363999999999999e-7	2.924822112008e-14
1.323	8.527999999999999e-7	2.937477697787e-14
1.323	8.691999999999999e-7	2.94966841129e-14
1.323	8.855999999999999e-7	2.961418978701e-14
1.323	9.019999999999999e-7	2.972752434023e-14
1.323	9.183999999999999e-7	2.983690258636e-14
1.323	9.347999999999999e-7	2.994252507555e-14
1.323	9.511999999999999e-7	3.004457923822e-14
1.323	9.675999999999998e-7	3.014324042277e-14
1.323	9.839999999999998e-7	3.023867283813e-14
1.323	1.0003999999999998e-6	3.033103041096e-14
1.323	1.0168e-6	3.042045756628e-14
1.323	1.0332e-6	3.050708993913e-14
1.323	1.0495999999999999e-6	3.059105502423e-14
1.323	1.0659999999999998e-6	3.067247276968e-14
1.323	1.0823999999999998e-6	3.075145612019e-14
1.323	1.0988e-6	3.082811151469e-14
1.323	1.1152e-6	3.090253934266e-14
1.323	1.1315999999999999e-6	3.097483436302e-14
1.323	1.1479999999999999e-6	3.10450860892e-14
1.323	1.1643999999999998e-6	3.111337914326e-14
1.323	1.1807999999999998e-6	3.117979358217e-14
1.323	1.1972e-6	3.124440519853e-14
1.323	1.2136e-6	3.130728579801e-14
1.323	1.2299999999999999e-6	3.136850345579e-14
1.323	1.2463999999999998e-6	3.142812275345e-14
1.323	1.2627999999999998e-6	3.14862049984e-14
1.323	1.2791999999999998e-6	3.154280842696e-14
1.323	1.2956e-6	3.159798839277e-14
1.323	1.3119999999999999e-6	3.165179754151e-14
1.323	1.3283999999999999e-6	3.170428597328e-14
1.323	1.3447999999999998e-6	3.175550139343e-14
1.323	1.3611999999999998e-6	3.180548925292e-14
1.323	1.3775999999999997e-6	3.1854292879e-14
1.323	1.394e-6	3.190195359695e-14
1.323	1.4103999999999999e-6	3.194851084364e-14
1.323	1.4267999999999998e-6	3.199400227344e-14
1.323	1.4431999999999998e-6	3.203846385718e-14
1.323	1.4595999999999998e-6	3.208192997461e-14
1.323	1.4759999999999997e-6	3.212443350089e-14
1.323	1.4923999999999999e-6	3.21660058875e-14
1.323	1.5087999999999999e-6	3.220667723806e-14
1.323	1.5251999999999998e-6	3.224647637935e-14
1.323	1.5415999999999998e-6	3.228543092792e-14
1.323	1.5579999999999997e-6	3.232356735262e-14
1.323	1.5743999999999997e-6	3.236091103325e-14
1.323	1.5907999999999999e-6	3.23974863158e-14
1.323	1.6071999999999998e-6	3.243331656418e-14
1.323	1.6235999999999998e-6	3.246842420911e-14
1.323	1.6399999999999998e-6	3.250283079397e-14
1.3719999999999999	1.6399999999999998e-8	2.525949856584e-16
1.3719999999999999	3.2799999999999996e-8	8.135076942485e-16
1.3719999999999999	4.919999999999999e-8	1.505538050428e-15
1.3719999999999999	6.559999999999999e-8	2.318127220035e-15
1.3719999999999999	8.199999999999999e-8	3.249970915713e-15
1.3719999999999999	9.839999999999998e-8	4.295627942341e-15
1.3719999999999999	1.1479999999999998e-7	5.446052470182e-15
1.3719999999999999	1.3119999999999998e-7	6.685177632626e-15
1.3719999999999999	1.4759999999999997e-7	7.990143391497e-15
1.3719999999999999	1.6399999999999999e-7	9.334604260859e-15
1.3719999999999999	1.8039999999999997e-7	1.069257318851e-14
1.3719999999999999	1.9679999999999996e-7	1.204121069611e-14
1.3719999999999999	2.1319999999999998e-7	1.336219536555e-14
1.3719999999999999	2.2959999999999996e-7	1.464196832784e-14
1.3719999999999999	2.4599999999999995e-7	1.587130334404e-14
1.3719999999999999	2.6239999999999997e-7	1.704457680737e-14
1.3719999999999999	2.788e-7	1.815897793501e-14
1.3719999999999999	2.9519999999999994e-7	1.921378573822e-14
1.3719999999999999	3.1159999999999996e-7	2.020976402273e-14
1.3719999999999999	3.2799999999999997e-7	2.114868315502e-14
1.3719999999999999	3.4439999999999993e-7	2.203295690255e-14
1.3719999999999999	3.6079999999999995e-7	2.286537513277e-14
1.3719999999999999	3.7719999999999996e-7	2.364891231801e-14
1.3719999999999999	3.935999999999999e-7	2.438659393772e-14
1.3719999999999999	4.0999999999999994e-7	2.508140599915e-14
1.3719999999999999	4.2639999999999995e-7	2.57362360405e-14
1.3719999999999999	4.4279999999999997e-7	2.635383673227e-14
1.3719999999999999	4.5919999999999993e-7	2.693680543743e-14
1.3719999999999999	4.7559999999999994e-7	2.748757484735e-14
1.3719999999999999	4.919999999999999e-7	2.800841114686e-14
1.3719999999999999	5.084e-7	2.850141716073e-14
1.3719999999999999	5.247999999999999e-7	2.896853867009e-14
1.3719999999999999	5.411999999999999e-7	2.941157262502e-14
1.3719999999999999	5.576e-7	2.983217636809e-14
1.3719999999999999	5.739999999999999e-7	3.023187726395e-14
1.3719999999999999	5.903999999999999e-7	3.061208232944e-14
1.3719999999999999	6.068e-7	3.097408760044e-14
1.3719999999999999	6.231999999999999e-7	3.131908707176e-14
1.3719999999999999	6.395999999999999e-7	3.164818111524e-14
1.3719999999999999	6.559999999999999e-7	3.196238432982e-14
1.3719999999999999	6.723999999999999e-7	3.226263280912e-14
1.3719999999999999	6.887999999999999e-7	3.254979083394e-14
1.3719999999999999	7.051999999999999e-7	3.282465701068e-14
1.3719999999999999	7.215999999999999e-7	3.308796988477e-14
1.3719999999999999	7.379999999999999e-7	3.334041306314e-14
1.3719999999999999	7.543999999999999e-7	3.358261988124e-14
1.3719999999999999	7.707999999999999e-7	3.381517765085e-14
1.3719999999999999	7.871999999999998e-7	3.40386315235e-14
1.3719999999999999	8.035999999999999e-7	3.425348800325e-14
1.3719999999999999	8.199999999999999e-7	3.446021814023e-14
1.3719999999999999	8.363999999999999e-7	3.465926043416e-14
1.3719999999999999	8.527999999999999e-7	3.485102347503e-14
1.3719999999999999	8.691999999999999e-7	3.503588834556e-14
1.3719999999999999	8.855999999999999e-7	3.521421080802e-14
1.3719999999999999	9.019999999999999e-7	3.538632329613e-14
1.3719999999999999	9.183999999999999e-7	3.555253673028e-14
1.3719999999999999	9.347999999999999e-7	3.571314217334e-14
1.3719999999999999	9.511999999999999e-7	3.586841234184e-14
1.3719999999999999	9.675999999999998e-7	3.60186029865e-14
1.3719999999999999	9.839999999999998e-7	3.616395415439e-14
1.3719999999999999	1.0003999999999998e-6	3.630469134379e-14
1.3719999999999999	1.0168e-6	3.644102656189e-14
1.3719999999999999	1.0332e-6	3.65731592943e-14
1.3719999999999999	1.0495999999999999e-6	3.670127739446e-14
1.3719999999999999	1.0659999999999998e-6	3.682555790045e-14
1.3719999999999999	1.0823999999999998e-6	3.694616778562e-14
1.3719999999999999	1.0988e-6	3.706326464911e-14
1.3719999999999999	1.1152e-6	3.717699735167e-14
1.3719999999999999	1.1315999999999999e-6	3.728750660148e-14
1.3719999999999999	1.1479999999999999e-6	3.739492549462e-14
1.3719999999999999	1.1643999999999998e-6	3.749938001381e-14
1.3719999999999999	1.1807999999999998e-6	3.760098948941e-14
1.3719999999999999	1.1972e-6	3.769986702553e-14
1.3719999999999999	1.2136e-6	3.77961198945e-14
1.3719999999999999	1.2299999999999999e-6	3.788984990224e-14
1.3719999999999999	1.2463999999999998e-6	3.798115372692e-14
1.3719999999999999	1.2627999999999998e-6	3.807012323318e-14
1.3719999999999999	1.2791999999999998e-6	3.815684576392e-14
1.3719999999999999	1.2956e-6	3.824140441137e-14
1.3719999999999999	1.3119999999999999e-6	3.832387826924e-14
1.3719999999999999	1.3283999999999999e-6	3.840434266734e-14
1.3719999999999999	1.3447999999999998e-6	3.848286939011e-14
1.3719999999999999	1.3611999999999998e-6	3.855952688032e-14
1.3719999999999999	1.3775999999999997e-6	3.863438042903e-14
1.3719999999999999	1.394e-6	3.870749235293e-14
1.3719999999999999	1.4103999999999999e-6	3.877892215995e-14
1.3719999999999999	1.4267999999999998e-6	3.884872670408e-14
1.3719999999999999	1.4431999999999998e-6	3.891696033017e-14
1.3719999999999999	1.4595999999999998e-6	3.898367500947e-14
1.3719999999999999	1.4759999999999997e-6	3.904892046653e-14
1.3719999999999999	1.4923999999999999e-6	3.911274429816e-14
1.3719999999999999	1.5087999999999999e-6	3.917519208501e-14
1.3719999999999999	1.5251999999999998e-6	3.923630749622e-14
1.3719999999999999	1.5415999999999998e-6	3.929613238768e-14
1.3719999999999999	1.5579999999999997e-6	3.935470689442e-14
1.3719999999999999	1.5743999999999997e-6	3.941206951739e-14
1.3719999999999999	1.5907999999999999e-6	3.946825720509e-14
1.3719999999999999	1.6071999999999998e-6	3.952330543042e-14
1.3719999999999999	1.6235999999999998e-6	3.957724826304e-14
1.3719999999999999	1.6399999999999998e-6	3.963011843759e-14
1.421	1.6399999999999998e-8	3.818578608398e-16
1.421	3.2799999999999996e-8	7.736940356284e-16
1.421	4.919999999999999e-8	1.38977630634e-15
1.421	6.559999999999999e-8	2.130317867029e-15
1.421	8.199999999999999e-8	2.974023143609e-15
1.421	9.839999999999998e-8	3.917561230049e-15
1.421	1.1479999999999998e-7	4.958967107174e-15
1.421	1.3119999999999998e-7	6.092851255356e-15
1.421	1.4759999999999997e-7	7.3088555437e-15
1.421	1.6399999999999999e-7	8.591970052648e-15
1.421	1.8039999999999997e-7	9.924092167407e-15
1.421	1.9679999999999996e-7	1.128604454907e-14
1.421	2.1319999999999998e-7	1.265938549234e-14
1.421	2.2959999999999996e-7	1.4027673708e-14
1.421	2.4599999999999995e-7	1.537714037948e-14
1.421	2.6239999999999997e-7	1.669688009283e-14
1.421	2.788e-7	1.797871898727e-14
1.421	2.9519999999999994e-7	1.921690328895e-14
1.421	3.1159999999999996e-7	2.040771392534e-14
1.421	3.2799999999999997e-7	2.154907491773e-14
1.421	3.4439999999999993e-7	2.264019325413e-14
1.421	3.6079999999999995e-7	2.368124736403e-14
1.421	3.7719999999999996e-7	2.467312863284e-14
1.421	3.935999999999999e-7	2.561723338634e-14
1.421	4.0999999999999994e-7	2.651529946028e-14
1.421	4.2639999999999995e-7	2.736928036409e-14
1.421	4.4279999999999997e-7	2.818125015224e-14
1.421	4.5919999999999993e-7	2.895333280557e-14
1.421	4.7559999999999994e-7	2.968765083325e-14
1.421	4.919999999999999e-7	3.038628873344e-14
1.421	5.084e-7	3.105126780002e-14
1.421	5.247999999999999e-7	3.168452949611e-14
1.421	5.411999999999999e-7	3.228792522305e-14
1.421	5.576e-7	3.286321080687e-14
1.421	5.739999999999999e-7	3.341204441625e-14
1.421	5.903999999999999e-7	3.393598693402e-14
1.421	6.068e-7	3.443650404366e-14
1.421	6.231999999999999e-7	3.491496947733e-14
1.421	6.395999999999999e-7	3.537266901344e-14
1.421	6.559999999999999e-7	3.581080492018e-14
1.421	6.723999999999999e-7	3.623050062346e-14
1.421	6.887999999999999e-7	3.663280543973e-14
1.421	7.051999999999999e-7	3.701869926098e-14
1.421	7.215999999999999e-7	3.738909711419e-14
1.421	7.379999999999999e-7	3.774485354337e-14
1.421	7.543999999999999e-7	3.80867667818e-14
1.421	7.707999999999999e-7	3.841558269594e-14
1.421	7.871999999999998e-7	3.873199849286e-14
1.421	8.035999999999999e-7	3.903666619035e-14
1.421	8.199999999999999e-7	3.933019585368e-14
1.421	8.363999999999999e-7	3.961315860704e-14
1.421	8.527999999999999e-7	3.988608942915e-14
1.421	8.691999999999999e-7	4.014948974475e-14
1.421	8.855999999999999e-7	4.040382982371e-14
1.421	9.019999999999999e-7	4.064955100016e-14
1.421	9.183999999999999e-7	4.088706772375e-14
1.421	9.347999999999999e-7	4.111676945502e-14
1.421	9.511999999999999e-7	4.133902241623e-14
1.421	9.675999999999998e-7	4.155417120844e-14
1.421	9.839999999999998e-7	4.176254030528e-14
1.421	1.0003999999999998e-6	4.196443543273e-14
1.421	1.0168e-6	4.216014484411e-14
1.421	1.0332e-6	4.234994049846e-14
1.421	1.0495999999999999e-6	4.253407914997e-14
1.421	1.0659999999999998e-6	4.271280335575e-14
1.421	1.0823999999999998e-6	4.288634240823e-14
1.421	1.0988e-6	4.305491319848e-14
1.421	1.1152e-6	4.321872101583e-14
1.421	1.1315999999999999e-6	4.337796028892e-14
1.421	1.1479999999999999e-6	4.353281527287e-14
1.421	1.1643999999999998e-6	4.368346068685e-14
1.421	1.1807999999999998e-6	4.383006230597e-14
1.421	1.1972e-6	4.397277751108e-14
1.421	1.2136e-6	4.411175579981e-14
1.421	1.2299999999999999e-6	4.424713926189e-14
1.421	1.2463999999999998e-6	4.437906302138e-14
1.421	1.2627999999999998e-6	4.450765564864e-14
1.421	1.2791999999999998e-6	4.463303954403e-14
1.421	1.2956e-6	4.475533129574e-14
1.421	1.3119999999999999e-6	4.487464201362e-14
1.421	1.3283999999999999e-6	4.499107764076e-14
1.421	1.3447999999999998e-6	4.510473924458e-14
1.421	1.3611999999999998e-6	4.521572328884e-14
1.421	1.3775999999999997e-6	4.532412188808e-14
1.421	1.394e-6	4.543002304568e-14
1.421	1.4103999999999999e-6	4.553351087678e-14
1.421	1.4267999999999998e-6	4.56346658171e-14
1.421	1.4431999999999998e-6	4.573356481876e-14
1.421	1.4595999999999998e-6	4.583028153384e-14
1.421	1.4759999999999997e-6	4.592488648676e-14
1.421	1.4923999999999999e-6	4.601744723612e-14
1.421	1.5087999999999999e-6	4.610802852672e-14
1.421	1.5251999999999998e-6	4.619669243248e-14
1.421	1.5415999999999998e-6	4.628349849092e-14
1.421	1.5579999999999997e-6	4.63685038297e-14
1.421	1.5743999999999997e-6	4.645176328568e-14
1.421	1.5907999999999999e-6	4.653332951724e-14
1.421	1.6071999999999998e-6	4.661325311001e-14
1.421	1.6235999999999998e-6	4.669158267669e-14
1.421	1.6399999999999998e-6	4.676836495114e-14
1.47	1.6399999999999998e-8	4.632578777802e-16
1.47	3.2799999999999996e-8	7.60782648146e-16
1.47	4.919999999999999e-8	1.307741091291e-15
1.47	6.559999999999999e-8	1.981967082025e-15
1.47	8.199999999999999e-8	2.749166990082e-15
1.47	9.839999999999998e-8	3.605849119187e-15
1.47	1.1479999999999998e-7	4.552023528387e-15
1.47	1.3119999999999998e-7	5.585757603619e-15
1.47	1.4759999999999997e-7	6.702408763953e-15
1.47	1.6399999999999999e-7	7.894437684237e-15
1.47	1.8039999999999997e-7	9.151524391987e-15
1.47	1.9679999999999996e-7	1.046113668722e-14
1.47	2.1319999999999998e-7	1.180944304097e-14
1.47	2.2959999999999996e-7	1.318231923642e-14
1.47	2.4599999999999995e-7	1.456623128203e-14
1.47	2.6239999999999997e-7	1.594887969888e-14
1.47	2.788e-7	1.73195833095e-14
1.47	2.9519999999999994e-7	1.866943718439e-14
1.47	3.1159999999999996e-7	1.999130215432e-14
1.47	3.2799999999999997e-7	2.12796842704e-14
1.47	3.4439999999999993e-7	2.253055298571e-14
1.47	3.6079999999999995e-7	2.374113408424e-14
1.47	3.7719999999999996e-7	2.490970143325e-14
1.47	3.935999999999999e-7	2.603538205635e-14
1.47	4.0999999999999994e-7	2.711798207257e-14
1.47	4.2639999999999995e-7	2.815783638424e-14
1.47	4.4279999999999997e-7	2.91556821009e-14
1.47	4.5919999999999993e-7	3.011255404971e-14
1.47	4.7559999999999994e-7	3.102969992701e-14
1.47	4.919999999999999e-7	3.1908512381e-14
1.47	5.084e-7	3.275047536167e-14
1.47	5.247999999999999e-7	3.355712228807e-14
1.47	5.411999999999999e-7	3.433000387097e-14
1.47	5.576e-7	3.507066373702e-14
1.47	5.739999999999999e-7	3.578062029632e-14
1.47	5.903999999999999e-7	3.646135356389e-14
1.47	6.068e-7	3.711429588023e-14
1.47	6.231999999999999e-7	3.774082567594e-14
1.47	6.395999999999999e-7	3.834226359303e-14
1.47	6.559999999999999e-7	3.891987041324e-14
1.47	6.723999999999999e-7	3.947484635693e-14
1.47	6.887999999999999e-7	4.000833140749e-14
1.47	7.051999999999999e-7	4.052140638978e-14
1.47	7.215999999999999e-7	4.101509459045e-14
1.47	7.379999999999999e-7	4.149036375489e-14
1.47	7.543999999999999e-7	4.194812833314e-14
1.47	7.707999999999999e-7	4.238925187673e-14
1.47	7.871999999999998e-7	4.281454951181e-14
1.47	8.035999999999999e-7	4.322479043246e-14
1.47	8.199999999999999e-7	4.362070037239e-14
1.47	8.363999999999999e-7	4.400296402473e-14
1.47	8.527999999999999e-7	4.437222738807e-14
1.47	8.691999999999999e-7	4.472910002424e-14
1.47	8.855999999999999e-7	4.507415721796e-14
1.47	9.019999999999999e-7	4.540794203295e-14
1.47	9.183999999999999e-7	4.573096726194e-14
1.47	9.347999999999999e-7	4.604371727026e-14
1.47	9.511999999999999e-7	4.634664973447e-14
1.47	9.675999999999998e-7	4.66401972786e-14
1.47	9.839999999999998e-7	4.692476901159e-14
1.47	1.0003999999999998e-6	4.720075196978e-14
1.47	1.0168e-6	4.746851246903e-14
1.47	1.0332e-6	4.772839737104e-14
1.47	1.0495999999999999e-6	4.798073526841e-14
1.47	1.0659999999999998e-6	4.822583759328e-14
1.47	1.0823999999999998e-6	4.846399965401e-14
1.47	1.0988e-6	4.86955016044e-14
1.47	1.1152e-6	4.892060934955e-14
1.47	1.1315999999999999e-6	4.913957539277e-14
1.47	1.1479999999999999e-6	4.935263962706e-14
1.47	1.1643999999999998e-6	4.956003007509e-14
1.47	1.1807999999999998e-6	4.976196358097e-14
1.47	1.1972e-6	4.995864645721e-14
1.47	1.2136e-6	5.015027508979e-14
1.47	1.2299999999999999e-6	5.033703650429e-14
1.47	1.2463999999999998e-6	5.05191088957e-14
1.47	1.2627999999999998e-6	5.06966621244e-14
1.47	1.2791999999999998e-6	5.086985818064e-14
1.47	1.2956e-6	5.103885161971e-14
1.47	1.3119999999999999e-6	5.120378996972e-14
1.47	1.3283999999999999e-6	5.136481411396e-14
1.47	1.3447999999999998e-6	5.152205864953e-14
1.47	1.3611999999999998e-6	5.167565222381e-14
1.47	1.3775999999999997e-6	5.182571785036e-14
1.47	1.394e-6	5.197237320555e-14
1.47	1.4103999999999999e-6	5.211573090731e-14
1.47	1.4267999999999998e-6	5.225589877709e-14
1.47	1.4431999999999998e-6	5.239298008622e-14
1.47	1.4595999999999998e-6	5.252707378768e-14
1.47	1.4759999999999997e-6	5.265827473426e-14
1.47	1.4923999999999999e-6	5.278667388396e-14
1.47	1.5087999999999999e-6	5.29123584935e-14
1.47	1.5251999999999998e-6	5.303541230071e-14
1.47	1.5415999999999998e-6	5.31559156965e-14
1.47	1.5579999999999997e-6	5.327394588705e-14
1.47	1.5743999999999997e-6	5.338957704693e-14
1.47	1.5907999999999999e-6	5.350288046362e-14
1.47	1.6071999999999998e-6	5.361392467403e-14
1.47	1.6235999999999998e-6	5.372277559354e-14
1.47	1.6399999999999998e-6	5.382949663794e-14