1.47	1.63e-7	7.819773532452e-15
1.47	3.26e-7	2.112450490302e-14
1.47	4.89e-7	3.175055245738e-14
1.47	6.52e-7	3.87811222972e-14
1.47	8.149999999999999e-7	4.350147291458e-14
1.47	9.78e-7	4.682167370077e-14
1.47	1.141e-6	4.926240461319e-14
1.47	1.304e-6	5.112382979978e-14
1.47	1.4669999999999999e-6	5.258662683174e-14
1.47	1.6299999999999999e-6	5.376467281938e-14
1.47	1.7929999999999998e-6	5.473280110338e-14
1.47	1.956e-6	5.554200707024e-14
1.47	2.119e-6	5.62281470071e-14
1.47	2.282e-6	5.681712282361e-14
1.47	2.445e-6	5.732808897449e-14
1.47	2.608e-6	5.777550259894e-14
1.47	2.771e-6	5.817047307029e-14
1.47	2.9339999999999998e-6	5.852167375281e-14
1.47	3.0969999999999997e-6	5.883597240683e-14
1.47	3.2599999999999997e-6	5.911887617721e-14
1.47	3.4229999999999997e-6	5.937485159413e-14
1.47	3.5859999999999996e-6	5.960755858419e-14
1.47	3.7489999999999996e-6	5.982002421882e-14
1.47	3.912e-6	6.001477351437e-14
1.47	4.075e-6	6.019392915075e-14
1.47	4.238e-6	6.035928837906e-14
1.47	4.401e-6	6.051238297047e-14
1.47	4.564e-6	6.065452640678e-14
1.47	4.727e-6	6.078685136667e-14
1.47	4.89e-6	6.091033975511e-14
1.47	5.053e-6	6.102584694842e-14
1.47	5.216e-6	6.113412151279e-14
1.47	5.379e-6	6.123582135121e-14
1.47	5.542e-6	6.13315270105e-14
1.47	5.705e-6	6.142175271396e-14
1.47	5.8679999999999996e-6	6.150695556011e-14
1.47	6.0309999999999995e-6	6.15875432333e-14
1.47	6.1939999999999995e-6	6.166388049929e-14
1.47	6.3569999999999994e-6	6.173629470338e-14
1.47	6.519999999999999e-6	6.180508044516e-14
1.47	6.682999999999999e-6	6.187050357002e-14
1.47	6.845999999999999e-6	6.19328045912e-14
1.47	7.008999999999999e-6	6.199220163483e-14
1.47	7.171999999999999e-6	6.204889298371e-14
1.47	7.334999999999999e-6	6.210305928215e-14
1.47	7.497999999999999e-6	6.215486545345e-14
1.47	7.661e-6	6.220446237268e-14
1.47	7.824e-6	6.225198833043e-14
1.47	7.987e-6	6.229757031742e-14
1.47	8.15e-6	6.234132515492e-14
1.47	8.313e-6	6.238336049228e-14
1.47	8.476e-6	6.242377568926e-14
1.47	8.639e-6	6.246266259856e-14
1.47	8.802e-6	6.250010626133e-14
1.47	8.965e-6	6.253618552684e-14
1.47	9.128e-6	6.25709736057e-14
1.47	9.291e-6	6.260453856484e-14
1.47	9.454e-6	6.263694377129e-14
1.47	9.617e-6	6.266824829081e-14
1.47	9.78e-6	6.269850724658e-14
1.47	9.943e-6	6.272777214269e-14
1.47	0.000010106	6.275609115622e-14
1.47	0.000010269	6.278350940155e-14
1.47	0.000010432	6.281006916986e-14
1.47	0.000010595	6.283581014647e-14
1.47	0.000010758	6.286076960846e-14
1.47	0.000010921	6.288498260458e-14
1.47	0.000011084	6.290848211923e-14
1.47	0.000011247	6.293129922222e-14
1.47	0.00001141	6.295346320564e-14
1.47	0.000011572999999999999	6.297500170921e-14
1.47	0.000011735999999999999	6.299594083511e-14
1.47	0.000011898999999999999	6.301630525343e-14
1.47	0.000012061999999999999	6.303611829902e-14
1.47	0.000012224999999999999	6.30554020606e-14
1.47	0.000012387999999999999	6.307417746281e-14
1.47	0.000012550999999999999	6.309246434193e-14
1.47	0.000012713999999999999	6.311028151566e-14
1.47	0.000012876999999999999	6.312764684769e-14
1.47	0.000013039999999999999	6.314457730738e-14
1.47	0.000013202999999999999	6.316108902503e-14
1.47	0.000013365999999999999	6.31771973431e-14
1.47	0.000013528999999999999	6.31929168637e-14
1.47	0.000013691999999999999	6.320826149272e-14
1.47	0.000013854999999999999	6.322324448084e-14
1.47	0.000014017999999999999	6.323787846165e-14
1.47	0.000014180999999999999	6.325217548714e-14
1.47	0.000014343999999999999	6.326614706083e-14
1.47	0.000014506999999999998	6.327980416854e-14
1.47	0.000014669999999999998	6.329315730726e-14
1.47	0.000014832999999999998	6.330621651199e-14
1.47	0.000014995999999999998	6.331899138087e-14
1.47	0.000015158999999999998	6.333149109874e-14
1.47	0.000015322	6.33437244591e-14
1.47	0.000015484999999999998	6.335569988474e-14
1.47	0.000015648	6.33674254471e-14
1.47	0.000015810999999999998	6.337890888434e-14
1.47	0.000015974	6.339015761842e-14
1.47	0.000016136999999999998	6.340117877106e-14
1.47	0.0000163	6.341197917877e-14
1.47	0.000016462999999999998	6.342256540698e-14
1.47	0.000016626	6.343294376335e-14
1.47	0.000016788999999999998	6.34431203103e-14
1.47	0.000016952	6.345310087679e-14
1.47	0.000017114999999999998	6.34628910695e-14
1.47	0.000017278	6.347249628324e-14
1.47	0.000017440999999999998	6.348192171096e-14
1.47	0.000017604	6.349117235304e-14
1.47	0.000017766999999999998	6.350025302613e-14
1.47	0.00001793	6.350916837156e-14
1.47	0.000018092999999999998	6.351792286319e-14
1.47	0.000018256	6.352652081493e-14
1.47	0.000018418999999999998	6.353496638783e-14
1.47	0.000018582	6.354326359674e-14
1.47	0.000018744999999999998	6.355141631673e-14
1.47	0.000018908	6.35594282891e-14
1.47	0.000019070999999999997	6.356730312709e-14
1.47	0.000019234	6.357504432133e-14
1.47	0.000019396999999999997	6.358265524499e-14
1.47	0.00001956	6.359013915868e-14
1.47	0.000019722999999999997	6.359749921509e-14
1.47	0.000019886	6.360473846345e-14
1.47	0.000020048999999999997	6.361185985372e-14
1.47	0.000020212	6.361886624059e-14
1.47	0.000020374999999999997	6.36257603873e-14
1.47	0.000020538	6.363254496928e-14
1.47	0.000020700999999999997	6.363922257762e-14
1.47	0.000020864	6.364579572234e-14
1.47	0.000021027	6.365226683554e-14
1.47	0.00002119	6.365863827442e-14
1.47	0.000021353	6.366491232414e-14
1.47	0.000021516	6.367109120052e-14
1.47	0.000021679	6.367717705269e-14
1.47	0.000021842	6.368317196554e-14
1.47	0.000022005	6.368907796215e-14
1.47	0.000022168	6.369489700601e-14
1.47	0.000022331	6.370063100325e-14
1.47	0.000022494	6.370628180468e-14
1.47	0.000022657	6.37118512078e-14
1.47	0.00002282	6.371734095869e-14
1.47	0.000022983	6.372275275387e-14
1.47	0.000023145999999999998	6.372808824201e-14
1.47	0.000023309	6.373334902561e-14
1.47	0.000023471999999999998	6.373853666264e-14
1.47	0.000023635	6.374365266803e-14
1.47	0.000023797999999999998	6.374869851516e-14
1.47	0.000023961	6.375367563729e-14
1.47	0.000024123999999999998	6.375858542891e-14
1.47	0.000024287	6.376342924703e-14
1.47	0.000024449999999999998	6.376820841244e-14
1.47	0.000024613	6.377292421091e-14
1.47	0.000024775999999999998	6.377757789436e-14
1.47	0.000024939	6.378217068192e-14
1.47	0.000025101999999999998	6.378670376103e-14
1.47	0.000025265	6.379117828848e-14
1.47	0.000025427999999999998	6.379559539136e-14
1.47	0.000025591	6.3799956168e-14
1.47	0.000025753999999999998	6.380426168894e-14
1.47	0.000025917	6.380851299771e-14
1.47	0.000026079999999999998	6.381271111178e-14
1.47	0.000026243	6.381685702328e-14
1.47	0.000026405999999999998	6.382095169984e-14
1.47	0.000026569	6.382499608533e-14
1.47	0.000026731999999999997	6.382899110056e-14
1.47	0.000026895	6.383293764401e-14
1.47	0.000027057999999999997	6.383683659248e-14
1.47	0.000027221	6.384068880176e-14
1.47	0.000027383999999999997	6.384449510724e-14
1.47	0.000027547	6.384825632454e-14
1.47	0.000027709999999999997	6.385197325004e-14
1.47	0.000027873	6.385564666149e-14
1.47	0.000028035999999999997	6.385927731856e-14
1.47	0.000028199	6.386286596329e-14
1.47	0.000028361999999999997	6.38664133207e-14
1.47	0.000028525	6.386992009919e-14
1.47	0.000028687999999999997	6.387338699105e-14
1.47	0.000028851	6.387681467294e-14
1.47	0.000029013999999999997	6.388020380626e-14
1.47	0.000029177	6.388355503765e-14
1.47	0.000029339999999999997	6.388686899935e-14
1.47	0.000029503	6.389014630962e-14
1.47	0.000029665999999999997	6.389338757314e-14
1.47	0.000029829	6.389659338133e-14
1.47	0.000029991999999999997	6.389976431276e-14
1.47	0.000030155	6.390290093349e-14
1.47	0.000030317999999999997	6.390600379737e-14
1.47	0.000030481	6.390907344642e-14
1.47	0.000030644	6.39121104111e-14
1.47	0.000030807	6.391511521065e-14
1.47	0.000030969999999999997	6.391808835335e-14
1.47	0.000031132999999999995	6.392103033686e-14
1.47	0.000031296	6.392394164841e-14
1.47	0.000031459	6.392682276519e-14
1.47	0.000031621999999999996	6.392967415449e-14
1.47	0.000031785	6.393249627403e-14
1.47	0.000031948	6.393528957219e-14
1.47	0.000032111	6.393805448821e-14
1.47	0.000032273999999999996	6.394079145248e-14
1.47	0.000032437	6.394350088671e-14
1.47	0.0000326	6.394618320419e-14
2.51125	1.63e-7	2.346437817467e-15
2.51125	3.26e-7	7.639358774062e-15
2.51125	4.89e-7	1.459195243761e-14
2.51125	6.52e-7	2.309320144996e-14
2.51125	8.149999999999999e-7	3.280007584244e-14
2.51125	9.78e-7	4.308786754143e-14
2.51125	1.141e-6	5.33319932943e-14
2.51125	1.304e-6	6.309200389293e-14
2.51125	1.4669999999999999e-6	7.213068448051e-14
2.51125	1.6299999999999999e-6	8.036050946108e-14
2.51125	1.7929999999999998e-6	8.778423647218e-14
2.51125	1.956e-6	9.445141680638e-14
2.51125	2.119e-6	1.004315344249e-13
2.51125	2.282e-6	1.057990328068e-13
2.51125	2.445e-6	1.106256887801e-13
2.51125	2.608e-6	1.14977182063e-13
2.51125	2.771e-6	1.189119277553e-13
2.51125	2.9339999999999998e-6	1.224810594436e-13
2.51125	3.0969999999999997e-6	1.257289484412e-13
2.51125	3.2599999999999997e-6	1.286939314301e-13
2.51125	3.4229999999999997e-6	1.314090788757e-13
2.51125	3.5859999999999996e-6	1.33902923925e-13
2.51125	3.7489999999999996e-6	1.362001180329e-13
2.51125	3.912e-6	1.383220035871e-13
2.51125	4.075e-6	1.402871055726e-13
2.51125	4.238e-6	1.421115495431e-13
2.51125	4.401e-6	1.438094149725e-13
2.51125	4.564e-6	1.453930331601e-13
2.51125	4.727e-6	1.468732381718e-13
2.51125	4.89e-6	1.482595783078e-13
2.51125	5.053e-6	1.495604945305e-13
2.51125	5.216e-6	1.507834712982e-13
2.51125	5.379e-6	1.519351643603e-13
2.51125	5.542e-6	1.530215093096e-13
2.51125	5.705e-6	1.540478140398e-13
2.51125	5.8679999999999996e-6	1.550188377181e-13
2.51125	6.0309999999999995e-6	1.559388584329e-13
2.51125	6.1939999999999995e-6	1.568117313105e-13
2.51125	6.3569999999999994e-6	1.576409385869e-13
2.51125	6.519999999999999e-6	1.584296328729e-13
2.51125	6.682999999999999e-6	1.591806746427e-13
2.51125	6.845999999999999e-6	1.598966648083e-13
2.51125	7.008999999999999e-6	1.605799730995e-13
2.51125	7.171999999999999e-6	1.612327628559e-13
2.51125	7.334999999999999e-6	1.618570127404e-13
2.51125	7.497999999999999e-6	1.624545358041e-13
2.51125	7.661e-6	1.630269962658e-13
2.51125	7.824e-6	1.635759243169e-13
2.51125	7.987e-6	1.641027292127e-13
2.51125	8.15e-6	1.646087108744e-13
2.51125	8.313e-6	1.650950701946e-13
2.51125	8.476e-6	1.655629182096e-13
2.51125	8.639e-6	1.660132842795e-13
2.51125	8.802e-6	1.66447123399e-13
2.51125	8.965e-6	1.668653227428e-13
2.51125	9.128e-6	1.672687075373e-13
2.51125	9.291e-6	1.676580463371e-13
2.51125	9.454e-6	1.680340557752e-13
2.51125	9.617e-6	1.683974048465e-13
2.51125	9.78e-6	1.687487187768e-13
2.51125	9.943e-6	1.690885825236e-13
2.51125	0.000010106	1.694175439478e-13
2.51125	0.000010269	1.697361166922e-13
2.51125	0.000010432	1.700447827978e-13
2.51125	0.000010595	1.703439950844e-13
2.51125	0.000010758	1.70634179321e-13
2.51125	0.000010921	1.709157362062e-13
2.51125	0.000011084	1.711890431781e-13
2.51125	0.000011247	1.714544560702e-13
2.51125	0.00001141	1.717123106287e-13
2.51125	0.000011572999999999999	1.719629239043e-13
2.51125	0.000011735999999999999	1.722065955302e-13
2.51125	0.000011898999999999999	1.72443608897e-13
2.51125	0.000012061999999999999	1.726742322345e-13
2.51125	0.000012224999999999999	1.728987196083e-13
2.51125	0.000012387999999999999	1.731173118392e-13
2.51125	0.000012550999999999999	1.733302373519e-13
2.51125	0.000012713999999999999	1.735377129598e-13
2.51125	0.000012876999999999999	1.737399445913e-13
2.51125	0.000013039999999999999	1.739371279618e-13
2.51125	0.000013202999999999999	1.741294491972e-13
2.51125	0.000013365999999999999	1.743170854125e-13
2.51125	0.000013528999999999999	1.745002052486e-13
2.51125	0.000013691999999999999	1.746789693719e-13
2.51125	0.000013854999999999999	1.748535309385e-13
2.51125	0.000014017999999999999	1.750240360271e-13
2.51125	0.000014180999999999999	1.751906240418e-13
2.51125	0.000014343999999999999	1.753534280879e-13
2.51125	0.000014506999999999998	1.755125753229e-13
2.51125	0.000014669999999999998	1.756681872844e-13
2.51125	0.000014832999999999998	1.75820380196e-13
2.51125	0.000014995999999999998	1.75969265254e-13
2.51125	0.000015158999999999998	1.76114948896e-13
2.51125	0.000015322	1.762575330518e-13
2.51125	0.000015484999999999998	1.763971153791e-13
2.51125	0.000015648	1.765337894846e-13
2.51125	0.000015810999999999998	1.766676451312e-13
2.51125	0.000015974	1.767987684332e-13
2.51125	0.000016136999999999998	1.769272420393e-13
2.51125	0.0000163	1.770531453046e-13
2.51125	0.000016462999999999998	1.771765544532e-13
2.51125	0.000016626	1.772975427304e-13
2.51125	0.000016788999999999998	1.774161805466e-13
2.51125	0.000016952	1.775325356132e-13
2.51125	0.000017114999999999998	1.776466730699e-13
2.51125	0.000017278	1.77758655606e-13
2.51125	0.000017440999999999998	1.77868543574e-13
2.51125	0.000017604	1.779763950972e-13
2.51125	0.000017766999999999998	1.78082266172e-13
2.51125	0.00001793	1.781862107635e-13
2.51125	0.000018092999999999998	1.782882808972e-13
2.51125	0.000018256	1.783885267447e-13
2.51125	0.000018418999999999998	1.784869967061e-13
2.51125	0.000018582	1.785837374865e-13
2.51125	0.000018744999999999998	1.786787941703e-13
2.51125	0.000018908	1.787722102902e-13
2.51125	0.000019070999999999997	1.788640278936e-13
2.51125	0.000019234	1.789542876052e-13
2.51125	0.000019396999999999997	1.790430286864e-13
2.51125	0.00001956	1.791302890925e-13
2.51125	0.000019722999999999997	1.792161055259e-13
2.51125	0.000019886	1.793005134875e-13
2.51125	0.000020048999999999997	1.793835473255e-13
2.51125	0.000020212	1.794652402817e-13
2.51125	0.000020374999999999997	1.795456245355e-13
2.51125	0.000020538	1.796247312462e-13
2.51125	0.000020700999999999997	1.797025905929e-13
2.51125	0.000020864	1.797792318126e-13
2.51125	0.000021027	1.798546832369e-13
2.51125	0.00002119	1.799289723264e-13
2.51125	0.000021353	1.800021257043e-13
2.51125	0.000021516	1.800741691876e-13
2.51125	0.000021679	1.801451278176e-13
2.51125	0.000021842	1.802150258888e-13
2.51125	0.000022005	1.802838869765e-13
2.51125	0.000022168	1.80351733963e-13
2.51125	0.000022331	1.80418589063e-13
2.51125	0.000022494	1.804844738478e-13
2.51125	0.000022657	1.805494092683e-13
2.51125	0.00002282	1.806134156771e-13
2.51125	0.000022983	1.8067651285e-13
2.51125	0.000023145999999999998	1.807387200056e-13
2.51125	0.000023309	1.808000558254e-13
2.51125	0.000023471999999999998	1.808605384723e-13
2.51125	0.000023635	1.809201856081e-13
2.51125	0.000023797999999999998	1.80979014411e-13
2.51125	0.000023961	1.810370415921e-13
2.51125	0.000024123999999999998	1.810942834106e-13
2.51125	0.000024287	1.811507556897e-13
2.51125	0.000024449999999999998	1.812064738304e-13
2.51125	0.000024613	1.812614528261e-13
2.51125	0.000024775999999999998	1.813157072755e-13
2.51125	0.000024939	1.813692513959e-13
2.51125	0.000025101999999999998	1.814220990351e-13
2.51125	0.000025265	1.814742636837e-13
2.51125	0.000025427999999999998	1.815257584864e-13
2.51125	0.000025591	1.815765962529e-13
2.51125	0.000025753999999999998	1.816267894689e-13
2.51125	0.000025917	1.816763503057e-13
2.51125	0.000026079999999999998	1.817252906303e-13
2.51125	0.000026243	1.817736220151e-13
2.51125	0.000026405999999999998	1.818213557464e-13
2.51125	0.000026569	1.818685028337e-13
2.51125	0.000026731999999999997	1.81915074018e-13
2.51125	0.000026895	1.819610797796e-13
2.51125	0.000027057999999999997	1.820065303465e-13
2.51125	0.000027221	1.820514357015e-13
2.51125	0.000027383999999999997	1.820958055898e-13
2.51125	0.000027547	1.821396495257e-13
2.51125	0.000027709999999999997	1.821829767996e-13
2.51125	0.000027873	1.822257964848e-13
2.51125	0.000028035999999999997	1.822681174431e-13
2.51125	0.000028199	1.823099483316e-13
2.51125	0.000028361999999999997	1.823512976083e-13
2.51125	0.000028525	1.823921735378e-13
2.51125	0.000028687999999999997	1.824325841967e-13
2.51125	0.000028851	1.824725374792e-13
2.51125	0.000029013999999999997	1.825120411017e-13
2.51125	0.000029177	1.825511026084e-13
2.51125	0.000029339999999999997	1.825897293758e-13
2.51125	0.000029503	1.82627928617e-13
2.51125	0.000029665999999999997	1.826657073867e-13
2.51125	0.000029829	1.827030725854e-13
2.51125	0.000029991999999999997	1.827400309634e-13
2.51125	0.000030155	1.827765891249e-13
2.51125	0.000030317999999999997	1.828127535322e-13
2.51125	0.000030481	1.828485305091e-13
2.51125	0.000030644	1.82883926245e-13
2.51125	0.000030807	1.82918946798e-13
2.51125	0.000030969999999999997	1.829535980986e-13
2.51125	0.000031132999999999995	1.829878859533e-13
2.51125	0.000031296	1.830218160473e-13
2.51125	0.000031459	1.83055393948e-13
2.51125	0.000031621999999999996	1.830886251078e-13
2.51125	0.000031785	1.831215148675e-13
2.51125	0.000031948	1.831540684584e-13
2.51125	0.000032111	1.83186291006e-13
2.51125	0.000032273999999999996	1.832181875317e-13
2.51125	0.000032437	1.832497629563e-13
2.51125	0.0000326	1.832810221019e-13
3.5525	1.63e-7	1.349339952035e-15
3.5525	3.26e-7	4.213946082883e-15
3.5525	4.89e-7	8.017901670479e-15
3.5525	6.52e-7	1.260945880055e-14
3.5525	8.149999999999999e-7	1.795200807435e-14
3.5525	9.78e-7	2.400378427818e-14
3.5525	1.141e-6	3.066318036797e-14
3.5525	1.304e-6	3.776724931621e-14
3.5525	1.4669999999999999e-6	4.512264702672e-14
3.5525	1.6299999999999999e-6	5.254188720335e-14
3.5525	1.7929999999999998e-6	5.986742065234e-14
3.5525	1.956e-6	6.698088576463e-14
3.5525	2.119e-6	7.3802057752e-14
3.5525	2.282e-6	8.028277141724e-14
3.5525	2.445e-6	8.63994587059e-14
3.5525	2.608e-6	9.214620465076e-14
3.5525	2.771e-6	9.752905520378e-14
3.5525	2.9339999999999998e-6	1.025616841578e-13
3.5525	3.0969999999999997e-6	1.072622549898e-13
3.5525	3.2599999999999997e-6	1.116512331727e-13
3.5525	3.4229999999999997e-6	1.157499117656e-13
3.5525	3.5859999999999996e-6	1.195794522804e-13
3.5525	3.7489999999999996e-6	1.231602876545e-13
3.5525	3.912e-6	1.26511774061e-13
3.5525	4.075e-6	1.296520102076e-13
3.5525	4.238e-6	1.325977668937e-13
3.5525	4.401e-6	1.353644871906e-13
3.5525	4.564e-6	1.379663301692e-13
3.5525	4.727e-6	1.404162399185e-13
3.5525	4.89e-6	1.427260277236e-13
3.5525	5.053e-6	1.449064594886e-13
3.5525	5.216e-6	1.469673433624e-13
3.5525	5.379e-6	1.489176144745e-13
3.5525	5.542e-6	1.507654149863e-13
3.5525	5.705e-6	1.525181685307e-13
3.5525	5.8679999999999996e-6	1.541826486692e-13
3.5525	6.0309999999999995e-6	1.557650413537e-13
3.5525	6.1939999999999995e-6	1.572710015998e-13
3.5525	6.3569999999999994e-6	1.587057047001e-13
3.5525	6.519999999999999e-6	1.600738923765e-13
3.5525	6.682999999999999e-6	1.613799142901e-13
3.5525	6.845999999999999e-6	1.626277653318e-13
3.5525	7.008999999999999e-6	1.638211190981e-13
3.5525	7.171999999999999e-6	1.649633579352e-13
3.5525	7.334999999999999e-6	1.660575999043e-13
3.5525	7.497999999999999e-6	1.671067229894e-13
3.5525	7.661e-6	1.681133868437e-13
3.5525	7.824e-6	1.690800523341e-13
3.5525	7.987e-6	1.700089991238e-13
3.5525	8.15e-6	1.709023415019e-13
3.5525	8.313e-6	1.717620426494e-13
3.5525	8.476e-6	1.725899275091e-13
3.5525	8.639e-6	1.733876944083e-13
3.5525	8.802e-6	1.741569255666e-13
3.5525	8.965e-6	1.748990966066e-13
3.5525	9.128e-6	1.756155851721e-13
3.5525	9.291e-6	1.76307678746e-13
3.5525	9.454e-6	1.769765817507e-13
3.5525	9.617e-6	1.776234220044e-13
3.5525	9.78e-6	1.782492565982e-13
3.5525	9.943e-6	1.788550772522e-13
3.5525	0.000010106	1.794418152024e-13
3.5525	0.000010269	1.800103456641e-13
3.5525	0.000010432	1.805614919135e-13
3.5525	0.000010595	1.810960290242e-13
3.5525	0.000010758	1.816146872906e-13
3.5525	0.000010921	1.821181553694e-13
3.5525	0.000011084	1.82607083164e-13
3.5525	0.000011247	1.830820844756e-13
3.5525	0.00001141	1.835437394438e-13
3.5525	0.000011572999999999999	1.83992596794e-13
3.5525	0.000011735999999999999	1.844291759095e-13
3.5525	0.000011898999999999999	1.84853968744e-13
3.5525	0.000012061999999999999	1.852674415885e-13
3.5525	0.000012224999999999999	1.85670036705e-13
3.5525	0.000012387999999999999	1.860621738379e-13
3.5525	0.000012550999999999999	1.864442516146e-13
3.5525	0.000012713999999999999	1.868166488439e-13
3.5525	0.000012876999999999999	1.871797257205e-13
3.5525	0.000013039999999999999	1.87533824944e-13
3.5525	0.000013202999999999999	1.878792727583e-13
3.5525	0.000013365999999999999	1.882163799195e-13
3.5525	0.000013528999999999999	1.885454425957e-13
3.5525	0.000013691999999999999	1.888667432066e-13
3.5525	0.000013854999999999999	1.891805512048e-13
3.5525	0.000014017999999999999	1.894871238068e-13
3.5525	0.000014180999999999999	1.897867066734e-13
3.5525	0.000014343999999999999	1.900795345472e-13
3.5525	0.000014506999999999998	1.90365831848e-13
3.5525	0.000014669999999999998	1.906458132299e-13
3.5525	0.000014832999999999998	1.909196841032e-13
3.5525	0.000014995999999999998	1.911876411233e-13
3.5525	0.000015158999999999998	1.914498726491e-13
3.5525	0.000015322	1.917065591733e-13
3.5525	0.000015484999999999998	1.919578737261e-13
3.5525	0.000015648	1.922039822545e-13
3.5525	0.000015810999999999998	1.92445043979e-13
3.5525	0.000015974	1.926812117292e-13
3.5525	0.000016136999999999998	1.92912632259e-13
3.5525	0.0000163	1.931394465442e-13
3.5525	0.000016462999999999998	1.933617900624e-13
3.5525	0.000016626	1.935797930573e-13
3.5525	0.000016788999999999998	1.937935807872e-13
3.5525	0.000016952	1.940032737606e-13
3.5525	0.000017114999999999998	1.942089879575e-13
3.5525	0.000017278	1.944108350399e-13
3.5525	0.000017440999999999998	1.946089225492e-13
3.5525	0.000017604	1.948033540939e-13
3.5525	0.000017766999999999998	1.94994229527e-13
3.5525	0.00001793	1.95181645114e-13
3.5525	0.000018092999999999998	1.953656936913e-13
3.5525	0.000018256	1.955464648177e-13
3.5525	0.000018418999999999998	1.957240449164e-13
3.5525	0.000018582	1.958985174108e-13
3.5525	0.000018744999999999998	1.960699628532e-13
3.5525	0.000018908	1.962384590464e-13
3.5525	0.000019070999999999997	1.964040811597e-13
3.5525	0.000019234	1.965669018391e-13
3.5525	0.000019396999999999997	1.967269913115e-13
3.5525	0.00001956	1.968844174848e-13
3.5525	0.000019722999999999997	1.970392460419e-13
3.5525	0.000019886	1.971915405309e-13
3.5525	0.000020048999999999997	1.973413624513e-13
3.5525	0.000020212	1.97488771335e-13
3.5525	0.000020374999999999997	1.976338248241e-13
3.5525	0.000020538	1.977765787457e-13
3.5525	0.000020700999999999997	1.979170871819e-13
3.5525	0.000020864	1.980554025373e-13
3.5525	0.000021027	1.981915756038e-13
3.5525	0.00002119	1.983256556213e-13
3.5525	0.000021353	1.984576903369e-13
3.5525	0.000021516	1.985877260607e-13
3.5525	0.000021679	1.98715807719e-13
3.5525	0.000021842	1.98841978906e-13
3.5525	0.000022005	1.989662819322e-13
3.5525	0.000022168	1.990887578713e-13
3.5525	0.000022331	1.992094466053e-13
3.5525	0.000022494	1.993283868665e-13
3.5525	0.000022657	1.994456162794e-13
3.5525	0.00002282	1.995611713993e-13
3.5525	0.000022983	1.996750877502e-13
3.5525	0.000023145999999999998	1.997873998606e-13
3.5525	0.000023309	1.998981412984e-13
3.5525	0.000023471999999999998	2.000073447036e-13
3.5525	0.000023635	2.001150418203e-13
3.5525	0.000023797999999999998	2.002212635271e-13
3.5525	0.000023961	2.003260398663e-13
3.5525	0.000024123999999999998	2.00429400072e-13
3.5525	0.000024287	2.005313725969e-13
3.5525	0.000024449999999999998	2.006319851383e-13
3.5525	0.000024613	2.007312646631e-13
3.5525	0.000024775999999999998	2.008292374313e-13
3.5525	0.000024939	2.009259290191e-13
3.5525	0.000025101999999999998	2.010213643412e-13
3.5525	0.000025265	2.011155676717e-13
3.5525	0.000025427999999999998	2.012085626646e-13
3.5525	0.000025591	2.013003723736e-13
3.5525	0.000025753999999999998	2.013910192707e-13
3.5525	0.000025917	2.014805252646e-13
3.5525	0.000026079999999999998	2.015689117181e-13
3.5525	0.000026243	2.016561994651e-13
3.5525	0.000026405999999999998	2.017424088267e-13
3.5525	0.000026569	2.018275596269e-13
3.5525	0.000026731999999999997	2.019116712076e-13
3.5525	0.000026895	2.019947624432e-13
3.5525	0.000027057999999999997	2.020768517549e-13
3.5525	0.000027221	2.021579571236e-13
3.5525	0.000027383999999999997	2.022380961033e-13
3.5525	0.000027547	2.023172858339e-13
3.5525	0.000027709999999999997	2.023955430528e-13
3.5525	0.000027873	2.02472884107e-13
3.5525	0.000028035999999999997	2.025493249643e-13
3.5525	0.000028199	2.026248812241e-13
3.5525	0.000028361999999999997	2.026995681282e-13
3.5525	0.000028525	2.027734005707e-13
3.5525	0.000028687999999999997	2.02846393108e-13
3.5525	0.000028851	2.029185599681e-13
3.5525	0.000029013999999999997	2.029899150603e-13
3.5525	0.000029177	2.030604719835e-13
3.5525	0.000029339999999999997	2.031302440348e-13
3.5525	0.000029503	2.031992442185e-13
3.5525	0.000029665999999999997	2.032674852532e-13
3.5525	0.000029829	2.033349795803e-13
3.5525	0.000029991999999999997	2.034017393711e-13
3.5525	0.000030155	2.03467776534e-13
3.5525	0.000030317999999999997	2.035331027222e-13
3.5525	0.000030481	2.035977293396e-13
3.5525	0.000030644	2.036616675481e-13
3.5525	0.000030807	2.037249282737e-13
3.5525	0.000030969999999999997	2.037875222126e-13
3.5525	0.000031132999999999995	2.038494598375e-13
3.5525	0.000031296	2.039107514031e-13
3.5525	0.000031459	2.039714069519e-13
3.5525	0.000031621999999999996	2.040314363195e-13
3.5525	0.000031785	2.040908491403e-13
3.5525	0.000031948	2.041496548521e-13
3.5525	0.000032111	2.042078627012e-13
3.5525	0.000032273999999999996	2.042654817476e-13
3.5525	0.000032437	2.043225208692e-13
3.5525	0.0000326	2.043789887666e-13
4.59375	1.63e-7	1.189657900912e-15
4.59375	3.26e-7	3.087344766463e-15
4.59375	4.89e-7	5.455123982539e-15
4.59375	6.52e-7	8.37454027253e-15
4.59375	8.149999999999999e-7	1.17866192316e-14
4.59375	9.78e-7	1.566069176354e-14
4.59375	1.141e-6	1.997641004491e-14
4.59375	1.304e-6	2.470588643926e-14
4.59375	1.4669999999999999e-6	2.98039464556e-14
4.59375	1.6299999999999999e-6	3.520653667446e-14
4.59375	1.7929999999999998e-6	4.083593145321e-14
4.59375	1.956e-6	4.660903488748e-14
4.59375	2.119e-6	5.244531107139e-14
4.59375	2.282e-6	5.827249819537e-14
4.59375	2.445e-6	6.402973442677e-14
4.59375	2.608e-6	6.966853307889e-14
4.59375	2.771e-6	7.515229749884e-14
4.59375	2.9339999999999998e-6	8.045501379071e-14
4.59375	3.0969999999999997e-6	8.555959616905e-14
4.59375	3.2599999999999997e-6	9.045619034868e-14
4.59375	3.4229999999999997e-6	9.514060592837e-14
4.59375	3.5859999999999996e-6	9.961295633167e-14
4.59375	3.7489999999999996e-6	1.03876527871e-13
4.59375	3.912e-6	1.079368679483e-13
4.59375	4.075e-6	1.118010673834e-13
4.59375	4.238e-6	1.154772067291e-13
4.59375	4.401e-6	1.189739367178e-13
4.59375	4.564e-6	1.223001658987e-13
4.59375	4.727e-6	1.254648324335e-13
4.59375	4.89e-6	1.284767410385e-13
4.59375	5.053e-6	1.313444497462e-13
4.59375	5.216e-6	1.340761943511e-13
4.59375	5.379e-6	1.366798410504e-13
4.59375	5.542e-6	1.391628599388e-13
4.59375	5.705e-6	1.415323137259e-13
4.59375	5.8679999999999996e-6	1.437948573887e-13
4.59375	6.0309999999999995e-6	1.459567455155e-13
4.59375	6.1939999999999995e-6	1.480238449061e-13
4.59375	6.3569999999999994e-6	1.500016506132e-13
4.59375	6.519999999999999e-6	1.518953040812e-13
4.59375	6.682999999999999e-6	1.537096124005e-13
4.59375	6.845999999999999e-6	1.554490679669e-13
4.59375	7.008999999999999e-6	1.571178680407e-13
4.59375	7.171999999999999e-6	1.587199338533e-13
4.59375	7.334999999999999e-6	1.602589290268e-13
4.59375	7.497999999999999e-6	1.617382771524e-13
4.59375	7.661e-6	1.631611784415e-13
4.59375	7.824e-6	1.645306254041e-13
4.59375	7.987e-6	1.658494175443e-13
4.59375	8.15e-6	1.671201750856e-13
4.59375	8.313e-6	1.683453517544e-13
4.59375	8.476e-6	1.695272466585e-13
4.59375	8.639e-6	1.70668015309e-13
4.59375	8.802e-6	1.717696798307e-13
4.59375	8.965e-6	1.728341384144e-13
4.59375	9.128e-6	1.738631740595e-13
4.59375	9.291e-6	1.748584626573e-13
4.59375	9.454e-6	1.758215804614e-13
4.59375	9.617e-6	1.767540109919e-13
4.59375	9.78e-6	1.776571514155e-13
4.59375	9.943e-6	1.785323184423e-13
4.59375	0.000010106	1.793807537758e-13
4.59375	0.000010269	1.802036291534e-13
4.59375	0.000010432	1.810020510071e-13
4.59375	0.000010595	1.817770647768e-13
4.59375	0.000010758	1.825296589028e-13
4.59375	0.000010921	1.832607685229e-13
4.59375	0.000011084	1.839712788984e-13
4.59375	0.000011247	1.846620285901e-13
4.59375	0.00001141	1.853338124036e-13
4.59375	0.000011572999999999999	1.859873841237e-13
4.59375	0.000011735999999999999	1.866234590527e-13
4.59375	0.000011898999999999999	1.872427163693e-13
4.59375	0.000012061999999999999	1.878458013217e-13
4.59375	0.000012224999999999999	1.884333272675e-13
4.59375	0.000012387999999999999	1.890058775728e-13
4.59375	0.000012550999999999999	1.895640073807e-13
4.59375	0.000012713999999999999	1.901082452598e-13
4.59375	0.000012876999999999999	1.906390947411e-13
4.59375	0.000013039999999999999	1.911570357526e-13
4.59375	0.000013202999999999999	1.916625259586e-13
4.59375	0.000013365999999999999	1.921560020104e-13
4.59375	0.000013528999999999999	1.92637880716e-13
4.59375	0.000013691999999999999	1.931085601347e-13
4.59375	0.000013854999999999999	1.935684206e-13
4.59375	0.000014017999999999999	1.940178256792e-13
4.59375	0.000014180999999999999	1.944571230718e-13
4.59375	0.000014343999999999999	1.948866454515e-13
4.59375	0.000014506999999999998	1.953067112568e-13
4.59375	0.000014669999999999998	1.957176254327e-13
4.59375	0.000014832999999999998	1.961196801274e-13
4.59375	0.000014995999999999998	1.965131553468e-13
4.59375	0.000015158999999999998	1.968983195699e-13
4.59375	0.000015322	1.972754303284e-13
4.59375	0.000015484999999999998	1.976447347509e-13
4.59375	0.000015648	1.980064700765e-13
4.59375	0.000015810999999999998	1.983608641386e-13
4.59375	0.000015974	1.987081358203e-13
4.59375	0.000016136999999999998	1.990484954845e-13
4.59375	0.0000163	1.993821453798e-13
4.59375	0.000016462999999999998	1.997092800234e-13
4.59375	0.000016626	2.000300865627e-13
4.59375	0.000016788999999999998	2.003447451179e-13
4.59375	0.000016952	2.006534291045e-13
4.59375	0.000017114999999999998	2.009563055397e-13
4.59375	0.000017278	2.012535353316e-13
4.59375	0.000017440999999999998	2.015452735532e-13
4.59375	0.000017604	2.018316697018e-13
4.59375	0.000017766999999999998	2.021128679454e-13
4.59375	0.00001793	2.023890073555e-13
4.59375	0.000018092999999999998	2.026602221285e-13
4.59375	0.000018256	2.029266417954e-13
4.59375	0.000018418999999999998	2.031883914212e-13
4.59375	0.000018582	2.03445591794e-13
4.59375	0.000018744999999999998	2.036983596045e-13
4.59375	0.000018908	2.039468076174e-13
4.59375	0.000019070999999999997	2.041910448333e-13
4.59375	0.000019234	2.044311766436e-13
4.59375	0.000019396999999999997	2.046673049771e-13
4.59375	0.00001956	2.048995284403e-13
4.59375	0.000019722999999999997	2.051279424507e-13
4.59375	0.000019886	2.053526393633e-13
4.59375	0.000020048999999999997	2.055737085922e-13
4.59375	0.000020212	2.057912367253e-13
4.59375	0.000020374999999999997	2.060053076348e-13
4.59375	0.000020538	2.062160025821e-13
4.59375	0.000020700999999999997	2.064234003175e-13
4.59375	0.000020864	2.066275771762e-13
4.59375	0.000021027	2.068286071696e-13
4.59375	0.00002119	2.070265620723e-13
4.59375	0.000021353	2.072215115053e-13
4.59375	0.000021516	2.074135230162e-13
4.59375	0.000021679	2.07602662155e-13
4.59375	0.000021842	2.07788992547e-13
4.59375	0.000022005	2.079725759624e-13
4.59375	0.000022168	2.081534723834e-13
4.59375	0.000022331	2.083317400676e-13
4.59375	0.000022494	2.085074356097e-13
4.59375	0.000022657	2.086806139997e-13
4.59375	0.00002282	2.088513286792e-13
4.59375	0.000022983	2.090196315952e-13
4.59375	0.000023145999999999998	2.091855732518e-13
4.59375	0.000023309	2.093492027596e-13
4.59375	0.000023471999999999998	2.095105678834e-13
4.59375	0.000023635	2.096697150874e-13
4.59375	0.000023797999999999998	2.098266895792e-13
4.59375	0.000023961	2.099815353517e-13
4.59375	0.000024123999999999998	2.101342952237e-13
4.59375	0.000024287	2.102850108781e-13
4.59375	0.000024449999999999998	2.104337228996e-13
4.59375	0.000024613	2.105804708103e-13
4.59375	0.000024775999999999998	2.107252931041e-13
4.59375	0.000024939	2.108682272798e-13
4.59375	0.000025101999999999998	2.110093098729e-13
4.59375	0.000025265	2.111485764861e-13
4.59375	0.000025427999999999998	2.11286061819e-13
4.59375	0.000025591	2.114217996962e-13
4.59375	0.000025753999999999998	2.115558230946e-13
4.59375	0.000025917	2.116881641699e-13
4.59375	0.000026079999999999998	2.118188542817e-13
4.59375	0.000026243	2.119479240181e-13
4.59375	0.000026405999999999998	2.120754032188e-13
4.59375	0.000026569	2.122013209982e-13
4.59375	0.000026731999999999997	2.123257057669e-13
4.59375	0.000026895	2.124485852529e-13
4.59375	0.000027057999999999997	2.125699865221e-13
4.59375	0.000027221	2.126899359974e-13
4.59375	0.000027383999999999997	2.12808459478e-13
4.59375	0.000027547	2.129255821574e-13
4.59375	0.000027709999999999997	2.130413286413e-13
4.59375	0.000027873	2.131557229643e-13
4.59375	0.000028035999999999997	2.132687886064e-13
4.59375	0.000028199	2.133805485088e-13
4.59375	0.000028361999999999997	2.134910250895e-13
4.59375	0.000028525	2.136002402577e-13
4.59375	0.000028687999999999997	2.137082154282e-13
4.59375	0.000028851	2.138149715356e-13
4.59375	0.000029013999999999997	2.139205290471e-13
4.59375	0.000029177	2.140249079756e-13
4.59375	0.000029339999999999997	2.141281278924e-13
4.59375	0.000029503	2.142302079393e-13
4.59375	0.000029665999999999997	2.143311668397e-13
4.59375	0.000029829	2.144310229108e-13
4.59375	0.000029991999999999997	2.145297940739e-13
4.59375	0.000030155	2.14627497865e-13
4.59375	0.000030317999999999997	2.147241514456e-13
4.59375	0.000030481	2.14819771612e-13
4.59375	0.000030644	2.149143748055e-13
4.59375	0.000030807	2.150079771211e-13
4.59375	0.000030969999999999997	2.151005943171e-13
4.59375	0.000031132999999999995	2.151922418234e-13
4.59375	0.000031296	2.152829347504e-13
4.59375	0.000031459	2.153726878968e-13
4.59375	0.000031621999999999996	2.154615157578e-13
4.59375	0.000031785	2.155494325329e-13
4.59375	0.000031948	2.156364521332e-13
4.59375	0.000032111	2.157225881887e-13
4.59375	0.000032273999999999996	2.158078540554e-13
4.59375	0.000032437	2.15892262822e-13
4.59375	0.0000326	2.159758273169e-13
5.635	1.63e-7	1.032139080958e-15
5.635	3.26e-7	2.616710436112e-15
5.635	4.89e-7	4.296606006716e-15
5.635	6.52e-7	6.309058541361e-15
5.635	8.149999999999999e-7	8.674680889918e-15
5.635	9.78e-7	1.137591655288e-14
5.635	1.141e-6	1.439587050559e-14
5.635	1.304e-6	1.77206010818e-14
5.635	1.4669999999999999e-6	2.13361125256e-14
5.635	1.6299999999999999e-6	2.522463441007e-14
5.635	1.7929999999999998e-6	2.936187095089e-14
5.635	1.956e-6	3.371619229385e-14
5.635	2.119e-6	3.824973180563e-14
5.635	2.282e-6	4.292068798616e-14
5.635	2.445e-6	4.768600556298e-14
5.635	2.608e-6	5.250381633324e-14
5.635	2.771e-6	5.733531151652e-14
5.635	2.9339999999999998e-6	6.214595667177e-14
5.635	3.0969999999999997e-6	6.690610792689e-14
5.635	3.2599999999999997e-6	7.159115558526e-14
5.635	3.4229999999999997e-6	7.61813348987e-14
5.635	3.5859999999999996e-6	8.066132879315e-14
5.635	3.7489999999999996e-6	8.501976100821e-14
5.635	3.912e-6	8.924865058569e-14
5.635	4.075e-6	9.334287474762e-14
5.635	4.238e-6	9.729966854751e-14
5.635	4.401e-6	1.011181761707e-13
5.635	4.564e-6	1.047990595899e-13
5.635	4.727e-6	1.083441644509e-13
5.635	4.89e-6	1.117562396464e-13
5.635	5.053e-6	1.150387052719e-13
5.635	5.216e-6	1.181954629708e-13
5.635	5.379e-6	1.21230742658e-13
5.635	5.542e-6	1.241489799717e-13
5.635	5.705e-6	1.269547193549e-13
5.635	5.8679999999999996e-6	1.296525382979e-13
5.635	6.0309999999999995e-6	1.322469888981e-13
5.635	6.1939999999999995e-6	1.34742553488e-13
5.635	6.3569999999999994e-6	1.371436116085e-13
5.635	6.519999999999999e-6	1.394544160734e-13
5.635	6.682999999999999e-6	1.41679076271e-13
5.635	6.845999999999999e-6	1.438215471835e-13
5.635	7.008999999999999e-6	1.458856228941e-13
5.635	7.171999999999999e-6	1.478749335797e-13
5.635	7.334999999999999e-6	1.497929451884e-13
5.635	7.497999999999999e-6	1.516429611535e-13
5.635	7.661e-6	1.534281256291e-13
5.635	7.824e-6	1.551514278376e-13
5.635	7.987e-6	1.568157072026e-13
5.635	8.15e-6	1.584236590125e-13
5.635	8.313e-6	1.59977840414e-13
5.635	8.476e-6	1.614806765792e-13
5.635	8.639e-6	1.629344669284e-13
5.635	8.802e-6	1.643413913149e-13
5.635	8.965e-6	1.657035161053e-13
5.635	9.128e-6	1.670228001049e-13
5.635	9.291e-6	1.683011002908e-13
5.635	9.454e-6	1.695401773303e-13
5.635	9.617e-6	1.70741700867e-13
5.635	9.78e-6	1.719072545662e-13
5.635	9.943e-6	1.730383409169e-13
5.635	0.000010106	1.741363857895e-13
5.635	0.000010269	1.75202742753e-13
5.635	0.000010432	1.762386971587e-13
5.635	0.000010595	1.772454699953e-13
5.635	0.000010758	1.782242215266e-13
5.635	0.000010921	1.791760547188e-13
5.635	0.000011084	1.801020184685e-13
5.635	0.000011247	1.810031106399e-13
5.635	0.00001141	1.818802809231e-13
5.635	0.000011572999999999999	1.827344335205e-13
5.635	0.000011735999999999999	1.835664296736e-13
5.635	0.000011898999999999999	1.843770900367e-13
5.635	0.000012061999999999999	1.851671969097e-13
5.635	0.000012224999999999999	1.859374963348e-13
5.635	0.000012387999999999999	1.866887000683e-13
5.635	0.000012550999999999999	1.874214874332e-13
5.635	0.000012713999999999999	1.881365070616e-13
5.635	0.000012876999999999999	1.888343785323e-13
5.635	0.000013039999999999999	1.895156939106e-13
5.635	0.000013202999999999999	1.901810191972e-13
5.635	0.000013365999999999999	1.908308956912e-13
5.635	0.000013528999999999999	1.914658412722e-13
5.635	0.000013691999999999999	1.920863516079e-13
5.635	0.000013854999999999999	1.926929012909e-13
5.635	0.000014017999999999999	1.932859449091e-13
5.635	0.000014180999999999999	1.93865918055e-13
5.635	0.000014343999999999999	1.944332382763e-13
5.635	0.000014506999999999998	1.949883059725e-13
5.635	0.000014669999999999998	1.955315052406e-13
5.635	0.000014832999999999998	1.960632046725e-13
5.635	0.000014995999999999998	1.965837581088e-13
5.635	0.000015158999999999998	1.970935053491e-13
5.635	0.000015322	1.97592772824e-13
5.635	0.000015484999999999998	1.980818742296e-13
5.635	0.000015648	1.985611111274e-13
5.635	0.000015810999999999998	1.990307735115e-13
5.635	0.000015974	1.994911403455e-13
5.635	0.000016136999999999998	1.999424800699e-13
5.635	0.0000163	2.00385051083e-13
5.635	0.000016462999999999998	2.008191021967e-13
5.635	0.000016626	2.012448730669e-13
5.635	0.000016788999999999998	2.016625946033e-13
5.635	0.000016952	2.020724893564e-13
5.635	0.000017114999999999998	2.024747718854e-13
5.635	0.000017278	2.028696491071e-13
5.635	0.000017440999999999998	2.032573206266e-13
5.635	0.000017604	2.036379790525e-13
5.635	0.000017766999999999998	2.040118102947e-13
5.635	0.00001793	2.043789938485e-13
5.635	0.000018092999999999998	2.047397030646e-13
5.635	0.000018256	2.050941054053e-13
5.635	0.000018418999999999998	2.054423626883e-13
5.635	0.000018582	2.057846313195e-13
5.635	0.000018744999999999998	2.061210625132e-13
5.635	0.000018908	2.064518025033e-13
5.635	0.000019070999999999997	2.067769927432e-13
5.635	0.000019234	2.07096770097e-13
5.635	0.000019396999999999997	2.074112670216e-13
5.635	0.00001956	2.077206117401e-13
5.635	0.000019722999999999997	2.080249284078e-13
5.635	0.000019886	2.083243372697e-13
5.635	0.000020048999999999997	2.086189548114e-13
5.635	0.000020212	2.089088939031e-13
5.635	0.000020374999999999997	2.091942639373e-13
5.635	0.000020538	2.094751709598e-13
5.635	0.000020700999999999997	2.097517177952e-13
5.635	0.000020864	2.100240041672e-13
5.635	0.000021027	2.102921268128e-13
5.635	0.00002119	2.105561795928e-13
5.635	0.000021353	2.108162535957e-13
5.635	0.000021516	2.110724372394e-13
5.635	0.000021679	2.113248163662e-13
5.635	0.000021842	2.115734743357e-13
5.635	0.000022005	2.11818492113e-13
5.635	0.000022168	2.120599483525e-13
5.635	0.000022331	2.122979194797e-13
5.635	0.000022494	2.125324797686e-13
5.635	0.000022657	2.127637014161e-13
5.635	0.00002282	2.129916546133e-13
5.635	0.000022983	2.132164076144e-13
5.635	0.000023145999999999998	2.134380268021e-13
5.635	0.000023309	2.13656576751e-13
5.635	0.000023471999999999998	2.13872120288e-13
5.635	0.000023635	2.140847185509e-13
5.635	0.000023797999999999998	2.142944310436e-13
5.635	0.000023961	2.145013156907e-13
5.635	0.000024123999999999998	2.147054288885e-13
5.635	0.000024287	2.14906825555e-13
5.635	0.000024449999999999998	2.151055591774e-13
5.635	0.000024613	2.153016818585e-13
5.635	0.000024775999999999998	2.154952443601e-13
5.635	0.000024939	2.156862961463e-13
5.635	0.000025101999999999998	2.158748854239e-13
5.635	0.000025265	2.16061059182e-13
5.635	0.000025427999999999998	2.162448632299e-13
5.635	0.000025591	2.164263422338e-13
5.635	0.000025753999999999998	2.166055397515e-13
5.635	0.000025917	2.16782498267e-13
5.635	0.000026079999999999998	2.169572592226e-13
5.635	0.000026243	2.171298630506e-13
5.635	0.000026405999999999998	2.173003492039e-13
5.635	0.000026569	2.17468756185e-13
5.635	0.000026731999999999997	2.176351215742e-13
5.635	0.000026895	2.177994820574e-13
5.635	0.000027057999999999997	2.179618734517e-13
5.635	0.000027221	2.181223307312e-13
5.635	0.000027383999999999997	2.182808880514e-13
5.635	0.000027547	2.184375787731e-13
5.635	0.000027709999999999997	2.185924354848e-13
5.635	0.000027873	2.187454900251e-13
5.635	0.000028035999999999997	2.188967735039e-13
5.635	0.000028199	2.190463163232e-13
5.635	0.000028361999999999997	2.191941481968e-13
5.635	0.000028525	2.193402981695e-13
5.635	0.000028687999999999997	2.19484794636e-13
5.635	0.000028851	2.196276653587e-13
5.635	0.000029013999999999997	2.197689374851e-13
5.635	0.000029177	2.199086375646e-13
5.635	0.000029339999999999997	2.200467915651e-13
5.635	0.000029503	2.201834248883e-13
5.635	0.000029665999999999997	2.203185623853e-13
5.635	0.000029829	2.204522283712e-13
5.635	0.000029991999999999997	2.205844466395e-13
5.635	0.000030155	2.20715240476e-13
5.635	0.000030317999999999997	2.208446326719e-13
5.635	0.000030481	2.209726455372e-13
5.635	0.000030644	2.210993009129e-13
5.635	0.000030807	2.212246201836e-13
5.635	0.000030969999999999997	2.213486242888e-13
5.635	0.000031132999999999995	2.214713337349e-13
5.635	0.000031296	2.215927686059e-13
5.635	0.000031459	2.217129485745e-13
5.635	0.000031621999999999996	2.21831892912e-13
5.635	0.000031785	2.219496204991e-13
5.635	0.000031948	2.220661498353e-13
5.635	0.000032111	2.221814990484e-13
5.635	0.000032273999999999996	2.222956859041e-13
5.635	0.000032437	2.224087278144e-13
5.635	0.0000326	2.22520641847e-13
6.67625	1.63e-7	7.855803920353e-16
6.67625	3.26e-7	2.239297866017e-15
6.67625	4.89e-7	3.637519851645e-15
6.67625	6.52e-7	5.171751350589e-15
6.67625	8.149999999999999e-7	6.923895613472e-15
6.67625	9.78e-7	8.915701758611e-15
6.67625	1.141e-6	1.114719875532e-14
6.67625	1.304e-6	1.361146995318e-14
6.67625	1.4669999999999999e-6	1.629998605276e-14
6.67625	1.6299999999999999e-6	1.920394199936e-14
6.67625	1.7929999999999998e-6	2.231371483892e-14
6.67625	1.956e-6	2.561768985731e-14
6.67625	2.119e-6	2.910127707276e-14
6.67625	2.282e-6	3.27465218857e-14
6.67625	2.445e-6	3.653236088114e-14
6.67625	2.608e-6	4.043536310876e-14
6.67625	2.771e-6	4.443072620016e-14
6.67625	2.9339999999999998e-6	4.849331751901e-14
6.67625	3.0969999999999997e-6	5.259861191704e-14
6.67625	3.2599999999999997e-6	5.672344422314e-14
6.67625	3.4229999999999997e-6	6.084654864197e-14
6.67625	3.5859999999999996e-6	6.494889360689e-14
6.67625	3.7489999999999996e-6	6.90138408435e-14
6.67625	3.912e-6	7.302716551819e-14
6.67625	4.075e-6	7.697697465263e-14
6.67625	4.238e-6	8.085355697062e-14
6.67625	4.401e-6	8.464919146768e-14
6.67625	4.564e-6	8.835793579406e-14
6.67625	4.727e-6	9.197540985972e-14
6.67625	4.89e-6	9.54985852825e-14
6.67625	5.053e-6	9.892558749823e-14
6.67625	5.216e-6	1.022555144735e-13
6.67625	5.379e-6	1.05488273873e-13
6.67625	5.542e-6	1.08624439085e-13
6.67625	5.705e-6	1.116651235518e-13
6.67625	5.8679999999999996e-6	1.146118722619e-13
6.67625	6.0309999999999995e-6	1.174665689398e-13
6.67625	6.1939999999999995e-6	1.202313573219e-13
6.67625	6.3569999999999994e-6	1.229085748965e-13
6.67625	6.519999999999999e-6	1.255006975405e-13
6.67625	6.682999999999999e-6	1.280102935947e-13
6.67625	6.845999999999999e-6	1.304399860507e-13
6.67625	7.008999999999999e-6	1.327924216613e-13
6.67625	7.171999999999999e-6	1.350702459259e-13
6.67625	7.334999999999999e-6	1.372760830348e-13
6.67625	7.497999999999999e-6	1.394125199802e-13
6.67625	7.661e-6	1.414820941508e-13
6.67625	7.824e-6	1.434872838261e-13
6.67625	7.987e-6	1.454305010754e-13
6.67625	8.15e-6	1.473140866389e-13
6.67625	8.313e-6	1.491403064365e-13
6.67625	8.476e-6	1.509113494053e-13
6.67625	8.639e-6	1.52629326414e-13
6.67625	8.802e-6	1.542962700455e-13
6.67625	8.965e-6	1.559141350717e-13
6.67625	9.128e-6	1.574847994751e-13
6.67625	9.291e-6	1.590100658964e-13
6.67625	9.454e-6	1.604916634082e-13
6.67625	9.617e-6	1.619312495325e-13
6.67625	9.78e-6	1.633304124339e-13
6.67625	9.943e-6	1.646906732341e-13
6.67625	0.000010106	1.660134884021e-13
6.67625	0.000010269	1.673002521833e-13
6.67625	0.000010432	1.685522990397e-13
6.67625	0.000010595	1.697709060764e-13
6.67625	0.000010758	1.709572954368e-13
6.67625	0.000010921	1.721126366522e-13
6.67625	0.000011084	1.732380489346e-13
6.67625	0.000011247	1.743346034048e-13
6.67625	0.00001141	1.754033252496e-13
6.67625	0.000011572999999999999	1.764451958047e-13
6.67625	0.000011735999999999999	1.774611545601e-13
6.67625	0.000011898999999999999	1.784521010868e-13
6.67625	0.000012061999999999999	1.794188968847e-13
6.67625	0.000012224999999999999	1.803623671527e-13
6.67625	0.000012387999999999999	1.8128330248e-13
6.67625	0.000012550999999999999	1.82182460463e-13
6.67625	0.000012713999999999999	1.830605672472e-13
6.67625	0.000012876999999999999	1.839183189981e-13
6.67625	0.000013039999999999999	1.84756383302e-13
6.67625	0.000013202999999999999	1.855754004999e-13
6.67625	0.000013365999999999999	1.863759849576e-13
6.67625	0.000013528999999999999	1.871587262734e-13
6.67625	0.000013691999999999999	1.879241904269e-13
6.67625	0.000013854999999999999	1.886729208711e-13
6.67625	0.000014017999999999999	1.894054395709e-13
6.67625	0.000014180999999999999	1.901222479896e-13
6.67625	0.000014343999999999999	1.908238280269e-13
6.67625	0.000014506999999999998	1.915106429096e-13
6.67625	0.000014669999999999998	1.921831380388e-13
6.67625	0.000014832999999999998	1.928417417943e-13
6.67625	0.000014995999999999998	1.934868662991e-13
6.67625	0.000015158999999999998	1.941189081462e-13
6.67625	0.000015322	1.947382490889e-13
6.67625	0.000015484999999999998	1.953452566974e-13
6.67625	0.000015648	1.959402849824e-13
6.67625	0.000015810999999999998	1.965236749888e-13
6.67625	0.000015974	1.970957553592e-13
6.67625	0.000016136999999999998	1.976568428706e-13
6.67625	0.0000163	1.982072429447e-13
6.67625	0.000016462999999999998	1.987472501333e-13
6.67625	0.000016626	1.992771485799e-13
6.67625	0.000016788999999999998	1.997972124601e-13
6.67625	0.000016952	2.003077063994e-13
6.67625	0.000017114999999999998	2.008088858721e-13
6.67625	0.000017278	2.013009975807e-13
6.67625	0.000017440999999999998	2.017842798177e-13
6.67625	0.000017604	2.022589628097e-13
6.67625	0.000017766999999999998	2.027252690463e-13
6.67625	0.00001793	2.031834135927e-13
6.67625	0.000018092999999999998	2.036336043881e-13
6.67625	0.000018256	2.040760425309e-13
6.67625	0.000018418999999999998	2.045109225498e-13
6.67625	0.000018582	2.04938432663e-13
6.67625	0.000018744999999999998	2.053587550258e-13
6.67625	0.000018908	2.057720659668e-13
6.67625	0.000019070999999999997	2.06178536213e-13
6.67625	0.000019234	2.065783311059e-13
6.67625	0.000019396999999999997	2.069716108067e-13
6.67625	0.00001956	2.073585304934e-13
6.67625	0.000019722999999999997	2.07739240549e-13
6.67625	0.000019886	2.08113886741e-13
6.67625	0.000020048999999999997	2.084826103934e-13
6.67625	0.000020212	2.088455485516e-13
6.67625	0.000020374999999999997	2.092028341398e-13
6.67625	0.000020538	2.095545961113e-13
6.67625	0.000020700999999999997	2.099009595933e-13
6.67625	0.000020864	2.102420460248e-13
6.67625	0.000021027	2.105779732893e-13
6.67625	0.00002119	2.109088558413e-13
6.67625	0.000021353	2.11234804828e-13
6.67625	0.000021516	2.115559282059e-13
6.67625	0.000021679	2.118723308523e-13
6.67625	0.000021842	2.121841146729e-13
6.67625	0.000022005	2.124913787041e-13
6.67625	0.000022168	2.12794219212e-13
6.67625	0.000022331	2.13092729787e-13
6.67625	0.000022494	2.133870014344e-13
6.67625	0.000022657	2.136771226622e-13
6.67625	0.00002282	2.139631795645e-13
6.67625	0.000022983	2.14245255902e-13
6.67625	0.000023145999999999998	2.145234331797e-13
6.67625	0.000023309	2.147977907212e-13
6.67625	0.000023471999999999998	2.150684057399e-13
6.67625	0.000023635	2.153353534078e-13
6.67625	0.000023797999999999998	2.15598706922e-13
6.67625	0.000023961	2.158585375678e-13
6.67625	0.000024123999999999998	2.161149147802e-13
6.67625	0.000024287	2.163679062028e-13
6.67625	0.000024449999999999998	2.16617577744e-13
6.67625	0.000024613	2.168639936325e-13
6.67625	0.000024775999999999998	2.171072164687e-13
6.67625	0.000024939	2.173473072765e-13
6.67625	0.000025101999999999998	2.17584325551e-13
6.67625	0.000025265	2.178183293064e-13
6.67625	0.000025427999999999998	2.180493751205e-13
6.67625	0.000025591	2.182775181791e-13
6.67625	0.000025753999999999998	2.185028123174e-13
6.67625	0.000025917	2.187253100612e-13
6.67625	0.000026079999999999998	2.189450626655e-13
6.67625	0.000026243	2.19162120153e-13
6.67625	0.000026405999999999998	2.193765313497e-13
6.67625	0.000026569	2.195883439207e-13
6.67625	0.000026731999999999997	2.197976044039e-13
6.67625	0.000026895	2.200043582429e-13
6.67625	0.000027057999999999997	2.202086498187e-13
6.67625	0.000027221	2.204105224799e-13
6.67625	0.000027383999999999997	2.206100185729e-13
6.67625	0.000027547	2.208071794698e-13
6.67625	0.000027709999999999997	2.210020455965e-13
6.67625	0.000027873	2.21194656459e-13
6.67625	0.000028035999999999997	2.213850506693e-13
6.67625	0.000028199	2.215732659704e-13
6.67625	0.000028361999999999997	2.217593392602e-13
6.67625	0.000028525	2.21943306615e-13
6.67625	0.000028687999999999997	2.221252033121e-13
6.67625	0.000028851	2.223050638514e-13
6.67625	0.000029013999999999997	2.224829219766e-13
6.67625	0.000029177	2.226588106956e-13
6.67625	0.000029339999999999997	2.228327623005e-13
6.67625	0.000029503	2.230048083864e-13
6.67625	0.000029665999999999997	2.231749798703e-13
6.67625	0.000029829	2.233433070087e-13
6.67625	0.000029991999999999997	2.235098194154e-13
6.67625	0.000030155	2.236745460781e-13
6.67625	0.000030317999999999997	2.238375153745e-13
6.67625	0.000030481	2.239987550888e-13
6.67625	0.000030644	2.241582924265e-13
6.67625	0.000030807	2.243161540293e-13
6.67625	0.000030969999999999997	2.244723659898e-13
6.67625	0.000031132999999999995	2.246269538652e-13
6.67625	0.000031296	2.247799426911e-13
6.67625	0.000031459	2.249313569944e-13
6.67625	0.000031621999999999996	2.250812208064e-13
6.67625	0.000031785	2.252295576747e-13
6.67625	0.000031948	2.253763906757e-13
6.67625	0.000032111	2.25521742426e-13
6.67625	0.000032273999999999996	2.256656350937e-13
6.67625	0.000032437	2.258080904096e-13
6.67625	0.0000326	2.259491296776e-13
7.7175	1.63e-7	5.359793724622e-16
7.7175	3.26e-7	1.853733379073e-15
7.7175	4.89e-7	3.133710264296e-15
7.7175	6.52e-7	4.434956292165e-15
7.7175	8.149999999999999e-7	5.83796433061e-15
7.7175	9.78e-7	7.389964031309e-15
7.7175	1.141e-6	9.112719745574e-15
7.7175	1.304e-6	1.101275498613e-14
7.7175	1.4669999999999999e-6	1.308890196958e-14
7.7175	1.6299999999999999e-6	1.533675391452e-14
7.7175	1.7929999999999998e-6	1.775077395136e-14
7.7175	1.956e-6	2.032490905858e-14
7.7175	2.119e-6	2.305241135773e-14
7.7175	2.282e-6	2.59253828769e-14
7.7175	2.445e-6	2.893437173562e-14
7.7175	2.608e-6	3.206818106901e-14
7.7175	2.771e-6	3.531392725158e-14
7.7175	2.9339999999999998e-6	3.865730816862e-14
7.7175	3.0969999999999997e-6	4.208300908428e-14
7.7175	3.2599999999999997e-6	4.557517007599e-14
7.7175	3.4229999999999997e-6	4.91178517675e-14
7.7175	3.5859999999999996e-6	5.269545500814e-14
7.7175	3.7489999999999996e-6	5.629306885436e-14
7.7175	3.912e-6	5.989673655897e-14
7.7175	4.075e-6	6.349364028366e-14
7.7175	4.238e-6	6.707221216317e-14
7.7175	4.401e-6	7.062218295608e-14
7.7175	4.564e-6	7.413458073482e-14
7.7175	4.727e-6	7.760169172948e-14
7.7175	4.89e-6	8.101699420651e-14
7.7175	5.053e-6	8.437507461166e-14
7.7175	5.216e-6	8.767153345295e-14
7.7175	5.379e-6	9.090288673561e-14
7.7175	5.542e-6	9.40664672873e-14
7.7175	5.705e-6	9.716032907039e-14
7.7175	5.8679999999999996e-6	1.001831565708e-13
7.7175	6.0309999999999995e-6	1.031341805633e-13
7.7175	6.1939999999999995e-6	1.060131009511e-13
7.7175	6.3569999999999994e-6	1.088200169376e-13
7.7175	6.519999999999999e-6	1.115553644678e-13
7.7175	6.682999999999999e-6	1.142198606679e-13
7.7175	6.845999999999999e-6	1.168144548692e-13
7.7175	7.008999999999999e-6	1.193402857246e-13
7.7175	7.171999999999999e-6	1.217986438856e-13
7.7175	7.334999999999999e-6	1.241909397036e-13
7.7175	7.497999999999999e-6	1.265186754256e-13
7.7175	7.661e-6	1.287834213848e-13
7.7175	7.824e-6	1.309867957186e-13
7.7175	7.987e-6	1.331304471827e-13
7.7175	8.15e-6	1.352160406721e-13
7.7175	8.313e-6	1.372452450975e-13
7.7175	8.476e-6	1.392197233041e-13
7.7175	8.639e-6	1.411411237528e-13
7.7175	8.802e-6	1.430110737216e-13
7.7175	8.965e-6	1.448311738089e-13
7.7175	9.128e-6	1.466029935518e-13
7.7175	9.291e-6	1.483280679951e-13
7.7175	9.454e-6	1.500078950678e-13
7.7175	9.617e-6	1.516439336428e-13
7.7175	9.78e-6	1.53237602175e-13
7.7175	9.943e-6	1.547902778225e-13
7.7175	0.000010106	1.563032959744e-13
7.7175	0.000010269	1.577779501143e-13
7.7175	0.000010432	1.592154919633e-13
7.7175	0.000010595	1.60617131851e-13
7.7175	0.000010758	1.61984039272e-13
7.7175	0.000010921	1.63317343592e-13
7.7175	0.000011084	1.646181348721e-13
7.7175	0.000011247	1.658874647852e-13
7.7175	0.00001141	1.671263476021e-13
7.7175	0.000011572999999999999	1.683357612295e-13
7.7175	0.000011735999999999999	1.695166482821e-13
7.7175	0.000011898999999999999	1.706699171787e-13
7.7175	0.000012061999999999999	1.717964432484e-13
7.7175	0.000012224999999999999	1.728970698393e-13
7.7175	0.000012387999999999999	1.73972609423e-13
7.7175	0.000012550999999999999	1.750238446861e-13
7.7175	0.000012713999999999999	1.760515296074e-13
7.7175	0.000012876999999999999	1.770563905132e-13
7.7175	0.000013039999999999999	1.780391271101e-13
7.7175	0.000013202999999999999	1.790004134926e-13
7.7175	0.000013365999999999999	1.799408991221e-13
7.7175	0.000013528999999999999	1.808612097779e-13
7.7175	0.000013691999999999999	1.817619484782e-13
7.7175	0.000013854999999999999	1.82643696371e-13
7.7175	0.000014017999999999999	1.835070135944e-13
7.7175	0.000014180999999999999	1.843524401068e-13
7.7175	0.000014343999999999999	1.851804964865e-13
7.7175	0.000014506999999999998	1.859916847015e-13
7.7175	0.000014669999999999998	1.867864888505e-13
7.7175	0.000014832999999999998	1.875653758741e-13
7.7175	0.000014995999999999998	1.883287962392e-13
7.7175	0.000015158999999999998	1.890771845949e-13
7.7175	0.000015322	1.898109604024e-13
7.7175	0.000015484999999999998	1.905305285399e-13
7.7175	0.000015648	1.912362798809e-13
7.7175	0.000015810999999999998	1.919285918504e-13
7.7175	0.000015974	1.926078289566e-13
7.7175	0.000016136999999999998	1.932743433008e-13
7.7175	0.0000163	1.939284750663e-13
7.7175	0.000016462999999999998	1.945705529858e-13
7.7175	0.000016626	1.952008947898e-13
7.7175	0.000016788999999999998	1.958198076355e-13
7.7175	0.000016952	1.964275885179e-13
7.7175	0.000017114999999999998	1.970245246632e-13
7.7175	0.000017278	1.976108939055e-13
7.7175	0.000017440999999999998	1.981869650477e-13
7.7175	0.000017604	1.987529982074e-13
7.7175	0.000017766999999999998	1.993092451468e-13
7.7175	0.00001793	1.998559495907e-13
7.7175	0.000018092999999999998	2.003933475291e-13
7.7175	0.000018256	2.009216675084e-13
7.7175	0.000018418999999999998	2.014411309098e-13
7.7175	0.000018582	2.019519522159e-13
7.7175	0.000018744999999999998	2.024543392665e-13
7.7175	0.000018908	2.029484935035e-13
7.7175	0.000019070999999999997	2.034346102056e-13
7.7175	0.000019234	2.039128787134e-13
7.7175	0.000019396999999999997	2.043834826449e-13
7.7175	0.00001956	2.048466001027e-13
7.7175	0.000019722999999999997	2.053024038719e-13
7.7175	0.000019886	2.057510616106e-13
7.7175	0.000020048999999999997	2.061927360322e-13
7.7175	0.000020212	2.066275850804e-13
7.7175	0.000020374999999999997	2.070557620974e-13
7.7175	0.000020538	2.074774159848e-13
7.7175	0.000020700999999999997	2.078926913584e-13
7.7175	0.000020864	2.083017286969e-13
7.7175	0.000021027	2.087046644842e-13
7.7175	0.00002119	2.091016313469e-13
7.7175	0.000021353	2.094927581853e-13
7.7175	0.000021516	2.098781703e-13
7.7175	0.000021679	2.102579895137e-13
7.7175	0.000021842	2.106323342873e-13
7.7175	0.000022005	2.110013198326e-13
7.7175	0.000022168	2.113650582201e-13
7.7175	0.000022331	2.117236584825e-13
7.7175	0.000022494	2.120772267149e-13
7.7175	0.000022657	2.124258661701e-13
7.7175	0.00002282	2.127696773518e-13
7.7175	0.000022983	2.131087581026e-13
7.7175	0.000023145999999999998	2.134432036903e-13
7.7175	0.000023309	2.137731068897e-13
7.7175	0.000023471999999999998	2.14098558062e-13
7.7175	0.000023635	2.144196452314e-13
7.7175	0.000023797999999999998	2.147364541581e-13
7.7175	0.000023961	2.1504906841e-13
7.7175	0.000024123999999999998	2.153575694299e-13
7.7175	0.000024287	2.156620366021e-13
7.7175	0.000024449999999999998	2.159625473155e-13
7.7175	0.000024613	2.162591770248e-13
7.7175	0.000024775999999999998	2.165519993093e-13
7.7175	0.000024939	2.168410859298e-13
7.7175	0.000025101999999999998	2.171265068838e-13
7.7175	0.000025265	2.174083304579e-13
7.7175	0.000025427999999999998	2.176866232788e-13
7.7175	0.000025591	2.179614503632e-13
7.7175	0.000025753999999999998	2.182328751648e-13
7.7175	0.000025917	2.185009596204e-13
7.7175	0.000026079999999999998	2.187657641942e-13
7.7175	0.000026243	2.190273479205e-13
7.7175	0.000026405999999999998	2.192857684453e-13
7.7175	0.000026569	2.195410820662e-13
7.7175	0.000026731999999999997	2.197933437708e-13
7.7175	0.000026895	2.200426072743e-13
7.7175	0.000027057999999999997	2.202889250551e-13
7.7175	0.000027221	2.205323483904e-13
7.7175	0.000027383999999999997	2.207729273891e-13
7.7175	0.000027547	2.210107110251e-13
7.7175	0.000027709999999999997	2.212457471682e-13
7.7175	0.000027873	2.214780826151e-13
7.7175	0.000028035999999999997	2.217077631187e-13
7.7175	0.000028199	2.219348334167e-13
7.7175	0.000028361999999999997	2.221593372591e-13
7.7175	0.000028525	2.223813174352e-13
7.7175	0.000028687999999999997	2.226008157993e-13
7.7175	0.000028851	2.228178732958e-13
7.7175	0.000029013999999999997	2.230325299836e-13
7.7175	0.000029177	2.232448250595e-13
7.7175	0.000029339999999999997	2.234547968812e-13
7.7175	0.000029503	2.236624829891e-13
7.7175	0.000029665999999999997	2.238679201276e-13
7.7175	0.000029829	2.240711442665e-13
7.7175	0.000029991999999999997	2.242721906202e-13
7.7175	0.000030155	2.244710936679e-13
7.7175	0.000030317999999999997	2.246678871721e-13
7.7175	0.000030481	2.248626041972e-13
7.7175	0.000030644	2.250552771268e-13
7.7175	0.000030807	2.252459376814e-13
7.7175	0.000030969999999999997	2.25434616935e-13
7.7175	0.000031132999999999995	2.256213453312e-13
7.7175	0.000031296	2.258061526988e-13
7.7175	0.000031459	2.259890682678e-13
7.7175	0.000031621999999999996	2.26170120683e-13
7.7175	0.000031785	2.263493380198e-13
7.7175	0.000031948	2.265267477969e-13
7.7175	0.000032111	2.267023769908e-13
7.7175	0.000032273999999999996	2.268762520485e-13
7.7175	0.000032437	2.270483989003e-13
7.7175	0.0000326	2.272188429726e-13
8.758750000000001	1.63e-7	3.349051690381e-16
8.758750000000001	3.26e-7	1.475649652077e-15
8.758750000000001	4.89e-7	2.679415705226e-15
8.758750000000001	6.52e-7	3.868079284386e-15
8.758750000000001	8.149999999999999e-7	5.082738637336e-15
8.758750000000001	9.78e-7	6.369953888302e-15
8.758750000000001	1.141e-6	7.763617537753e-15
8.758750000000001	1.304e-6	9.283176141394e-15
8.758750000000001	1.4669999999999999e-6	1.09372557977e-14
8.758750000000001	1.6299999999999999e-6	1.272785347228e-14
8.758750000000001	1.7929999999999998e-6	1.465346254722e-14
8.758750000000001	1.956e-6	1.671094759893e-14
8.758750000000001	2.119e-6	1.889644313084e-14
8.758750000000001	2.282e-6	2.120562150628e-14
8.758750000000001	2.445e-6	2.36336241774e-14
8.758750000000001	2.608e-6	2.617487043203e-14
8.758750000000001	2.771e-6	2.882287939821e-14
8.758750000000001	2.9339999999999998e-6	3.157017543558e-14
8.758750000000001	3.0969999999999997e-6	3.440829885646e-14
8.758750000000001	3.2599999999999997e-6	3.732791332666e-14
8.758750000000001	3.4229999999999997e-6	4.031898556477e-14
8.758750000000001	3.5859999999999996e-6	4.337100805136e-14
8.758750000000001	3.7489999999999996e-6	4.647323733244e-14
8.758750000000001	3.912e-6	4.961492584089e-14
8.758750000000001	4.075e-6	5.278553162939e-14
8.758750000000001	4.238e-6	5.597489657841e-14
8.758750000000001	4.401e-6	5.917338878878e-14
8.758750000000001	4.564e-6	6.237200874352e-14
8.758750000000001	4.727e-6	6.556246146752e-14
8.758750000000001	4.89e-6	6.873719850839e-14
8.758750000000001	5.053e-6	7.18894343397e-14
8.758750000000001	5.216e-6	7.501314197845e-14
8.758750000000001	5.379e-6	7.810303240845e-14
8.758750000000001	5.542e-6	8.115452196803e-14
8.758750000000001	5.705e-6	8.416369130997e-14
8.758750000000001	5.8679999999999996e-6	8.712723895558e-14
8.758750000000001	6.0309999999999995e-6	9.004243189463e-14
8.758750000000001	6.1939999999999995e-6	9.290705516157e-14
8.758750000000001	6.3569999999999994e-6	9.571936185974e-14
8.758750000000001	6.519999999999999e-6	9.847802471586e-14
8.758750000000001	6.682999999999999e-6	1.011820899252e-13
8.758750000000001	6.845999999999999e-6	1.038309337879e-13
8.758750000000001	7.008999999999999e-6	1.064242224315e-13
8.758750000000001	7.171999999999999e-6	1.089618747593e-13
8.758750000000001	7.334999999999999e-6	1.11444028642e-13
8.758750000000001	7.497999999999999e-6	1.138710102877e-13
8.758750000000001	7.661e-6	1.162433066637e-13
8.758750000000001	7.824e-6	1.185615408016e-13
8.758750000000001	7.987e-6	1.20826449796e-13
8.758750000000001	8.15e-6	1.230388652921e-13
8.758750000000001	8.313e-6	1.251996962555e-13
8.758750000000001	8.476e-6	1.27309913818e-13
8.758750000000001	8.639e-6	1.293705380039e-13
8.758750000000001	8.802e-6	1.313826261464e-13
8.758750000000001	8.965e-6	1.333472628214e-13
8.758750000000001	9.128e-6	1.35265551133e-13
8.758750000000001	9.291e-6	1.371386052031e-13
8.758750000000001	9.454e-6	1.389675437277e-13
8.758750000000001	9.617e-6	1.407534844763e-13
8.758750000000001	9.78e-6	1.42497539622e-13
8.758750000000001	9.943e-6	1.442008118033e-13
8.758750000000001	0.000010106	1.458643908268e-13
8.758750000000001	0.000010269	1.474893509301e-13
8.758750000000001	0.000010432	1.49076748535e-13
8.758750000000001	0.000010595	1.50627620427e-13
8.758750000000001	0.000010758	1.521429823042e-13
8.758750000000001	0.000010921	1.536238276481e-13
8.758750000000001	0.000011084	1.550711268703e-13
8.758750000000001	0.000011247	1.564858266988e-13
8.758750000000001	0.00001141	1.578688497684e-13
8.758750000000001	0.000011572999999999999	1.592210943868e-13
8.758750000000001	0.000011735999999999999	1.605434344497e-13
8.758750000000001	0.000011898999999999999	1.618367194827e-13
8.758750000000001	0.000012061999999999999	1.631017747892e-13
8.758750000000001	0.000012224999999999999	1.643394016886e-13
8.758750000000001	0.000012387999999999999	1.655503778281e-13
8.758750000000001	0.000012550999999999999	1.667354575561e-13
8.758750000000001	0.000012713999999999999	1.67895372345e-13
8.758750000000001	0.000012876999999999999	1.690308312549e-13
8.758750000000001	0.000013039999999999999	1.701425214276e-13
8.758750000000001	0.000013202999999999999	1.712311086057e-13
8.758750000000001	0.000013365999999999999	1.722972376691e-13
8.758750000000001	0.000013528999999999999	1.733415331844e-13
8.758750000000001	0.000013691999999999999	1.743645999613e-13
8.758750000000001	0.000013854999999999999	1.753670236137e-13
8.758750000000001	0.000014017999999999999	1.763493711209e-13
8.758750000000001	0.000014180999999999999	1.773121913867e-13
8.758750000000001	0.000014343999999999999	1.782560157938e-13
8.758750000000001	0.000014506999999999998	1.791813587515e-13
8.758750000000001	0.000014669999999999998	1.800887182354e-13
8.758750000000001	0.000014832999999999998	1.809785763172e-13
8.758750000000001	0.000014995999999999998	1.818513996841e-13
8.758750000000001	0.000015158999999999998	1.827076401465e-13
8.758750000000001	0.000015322	1.83547735134e-13
8.758750000000001	0.000015484999999999998	1.843721081781e-13
8.758750000000001	0.000015648	1.851811693824e-13
8.758750000000001	0.000015810999999999998	1.859753158794e-13
8.758750000000001	0.000015974	1.867549322739e-13
8.758750000000001	0.000016136999999999998	1.87520391073e-13
8.758750000000001	0.0000163	1.882720531028e-13
8.758750000000001	0.000016462999999999998	1.890102679118e-13
8.758750000000001	0.000016626	1.897353741614e-13
8.758750000000001	0.000016788999999999998	1.904477000028e-13
8.758750000000001	0.000016952	1.911475634419e-13
8.758750000000001	0.000017114999999999998	1.918352726914e-13
8.758750000000001	0.000017278	1.92511126511e-13
8.758750000000001	0.000017440999999999998	1.931754145352e-13
8.758750000000001	0.000017604	1.938284175897e-13
8.758750000000001	0.000017766999999999998	1.944704079972e-13
8.758750000000001	0.00001793	1.951016498713e-13
8.758750000000001	0.000018092999999999998	1.957223994003e-13
8.758750000000001	0.000018256	1.963329051204e-13
8.758750000000001	0.000018418999999999998	1.969334081797e-13
8.758750000000001	0.000018582	1.975241425915e-13
8.758750000000001	0.000018744999999999998	1.981053354789e-13
8.758750000000001	0.000018908	1.986772073107e-13
8.758750000000001	0.000019070999999999997	1.992399721277e-13
8.758750000000001	0.000019234	1.997938377618e-13
8.758750000000001	0.000019396999999999997	2.003390060458e-13
8.758750000000001	0.00001956	2.008756730164e-13
8.758750000000001	0.000019722999999999997	2.014040291093e-13
8.758750000000001	0.000019886	2.019242593471e-13
8.758750000000001	0.000020048999999999997	2.024365435203e-13
8.758750000000001	0.000020212	2.029410563614e-13
8.758750000000001	0.000020374999999999997	2.034379677132e-13
8.758750000000001	0.000020538	2.039274426899e-13
8.758750000000001	0.000020700999999999997	2.044096418335e-13
8.758750000000001	0.000020864	2.048847212631e-13
8.758750000000001	0.000021027	2.053528328201e-13
8.758750000000001	0.00002119	2.058141242066e-13
8.758750000000001	0.000021353	2.062687391202e-13
8.758750000000001	0.000021516	2.067168173831e-13
8.758750000000001	0.000021679	2.071584950664e-13
8.758750000000001	0.000021842	2.0759390461e-13
8.758750000000001	0.000022005	2.080231749389e-13
8.758750000000001	0.000022168	2.08446431574e-13
8.758750000000001	0.000022331	2.088637967399e-13
8.758750000000001	0.000022494	2.092753894686e-13
8.758750000000001	0.000022657	2.096813256992e-13
8.758750000000001	0.00002282	2.100817183743e-13
8.758750000000001	0.000022983	2.104766775333e-13
8.758750000000001	0.000023145999999999998	2.108663104013e-13
8.758750000000001	0.000023309	2.112507214764e-13
8.758750000000001	0.000023471999999999998	2.116300126126e-13
8.758750000000001	0.000023635	2.120042831005e-13
8.758750000000001	0.000023797999999999998	2.123736297448e-13
8.758750000000001	0.000023961	2.127381469398e-13
8.758750000000001	0.000024123999999999998	2.130979267412e-13
8.758750000000001	0.000024287	2.134530589364e-13
8.758750000000001	0.000024449999999999998	2.138036311117e-13
8.758750000000001	0.000024613	2.141497287179e-13
8.758750000000001	0.000024775999999999998	2.144914351327e-13
8.758750000000001	0.000024939	2.148288317219e-13
8.758750000000001	0.000025101999999999998	2.151619978982e-13
8.758750000000001	0.000025265	2.154910111775e-13
8.758750000000001	0.000025427999999999998	2.158159472345e-13
8.758750000000001	0.000025591	2.16136879955e-13
8.758750000000001	0.000025753999999999998	2.164538814875e-13
8.758750000000001	0.000025917	2.167670222929e-13
8.758750000000001	0.000026079999999999998	2.170763711919e-13
8.758750000000001	0.000026243	2.17381995412e-13
8.758750000000001	0.000026405999999999998	2.176839606319e-13
8.758750000000001	0.000026569	2.179823310248e-13
8.758750000000001	0.000026731999999999997	2.182771693007e-13
8.758750000000001	0.000026895	2.185685367466e-13
8.758750000000001	0.000027057999999999997	2.18856493266e-13
8.758750000000001	0.000027221	2.191410974171e-13
8.758750000000001	0.000027383999999999997	2.194224064488e-13
8.758750000000001	0.000027547	2.197004763375e-13
8.758750000000001	0.000027709999999999997	2.199753618206e-13
8.758750000000001	0.000027873	2.202471164304e-13
8.758750000000001	0.000028035999999999997	2.205157925263e-13
8.758750000000001	0.000028199	2.207814413262e-13
8.758750000000001	0.000028361999999999997	2.210441129368e-13
8.758750000000001	0.000028525	2.213038563832e-13
8.758750000000001	0.000028687999999999997	2.215607196371e-13
8.758750000000001	0.000028851	2.218147496447e-13
8.758750000000001	0.000029013999999999997	2.220659923532e-13
8.758750000000001	0.000029177	2.223144927373e-13
8.758750000000001	0.000029339999999999997	2.225602948236e-13
8.758750000000001	0.000029503	2.228034417158e-13
8.758750000000001	0.000029665999999999997	2.230439756177e-13
8.758750000000001	0.000029829	2.232819378566e-13
8.758750000000001	0.000029991999999999997	2.235173689057e-13
8.758750000000001	0.000030155	2.237503084049e-13
8.758750000000001	0.000030317999999999997	2.239807951829e-13
8.758750000000001	0.000030481	2.242088672766e-13
8.758750000000001	0.000030644	2.244345619515e-13
8.758750000000001	0.000030807	2.246579157204e-13
8.758750000000001	0.000030969999999999997	2.248789643625e-13
8.758750000000001	0.000031132999999999995	2.250977429409e-13
8.758750000000001	0.000031296	2.253142858206e-13
8.758750000000001	0.000031459	2.255286266856e-13
8.758750000000001	0.000031621999999999996	2.25740798555e-13
8.758750000000001	0.000031785	2.259508337995e-13
8.758750000000001	0.000031948	2.261587641568e-13
8.758750000000001	0.000032111	2.263646207468e-13
8.758750000000001	0.000032273999999999996	2.265684340868e-13
8.758750000000001	0.000032437	2.267702341049e-13
8.758750000000001	0.0000326	2.269700501549e-13
9.8	1.63e-7	1.98781185012e-16
9.8	3.26e-7	1.140460656788e-15
9.8	4.89e-7	2.258372441743e-15
9.8	6.52e-7	3.375587948965e-15
9.8	8.149999999999999e-7	4.485352628505e-15
9.8	9.78e-7	5.61647388139e-15
9.8	1.141e-6	6.801653183287e-15
9.8	1.304e-6	8.066430778567e-15
9.8	1.4669999999999999e-6	9.427107796639e-15
9.8	1.6299999999999999e-6	1.089233951007e-14
9.8	1.7929999999999998e-6	1.246555102047e-14
9.8	1.956e-6	1.414700889139e-14
9.8	2.119e-6	1.593525101633e-14
9.8	2.282e-6	1.782792623675e-14
9.8	2.445e-6	1.982219686657e-14
9.8	2.608e-6	2.191486128253e-14
9.8	2.771e-6	2.410232544203e-14
9.8	2.9339999999999998e-6	2.638051672103e-14
9.8	3.0969999999999997e-6	2.874480026009e-14
9.8	3.2599999999999997e-6	3.118993071151e-14
9.8	3.4229999999999997e-6	3.371005203088e-14
9.8	3.5859999999999996e-6	3.629874449759e-14
9.8	3.7489999999999996e-6	3.89491104308e-14
9.8	3.912e-6	4.165388670228e-14
9.8	4.075e-6	4.44055717451e-14
9.8	4.238e-6	4.719655612523e-14
9.8	4.401e-6	5.001924797341e-14
9.8	4.564e-6	5.286618703895e-14
9.8	4.727e-6	5.57301434413e-14
9.8	4.89e-6	5.860419915688e-14
9.8	5.053e-6	6.148181181263e-14
9.8	5.216e-6	6.435686146861e-14
9.8	5.379e-6	6.72236818077e-14
9.8	5.542e-6	7.007707757817e-14
9.8	5.705e-6	7.291233032534e-14
9.8	5.8679999999999996e-6	7.572519446676e-14
9.8	6.0309999999999995e-6	7.851188566707e-14
9.8	6.1939999999999995e-6	8.12690632978e-14
9.8	6.3569999999999994e-6	8.399380855845e-14
9.8	6.519999999999999e-6	8.668359961204e-14
9.8	6.682999999999999e-6	8.933628486764e-14
9.8	6.845999999999999e-6	9.195005533618e-14
9.8	7.008999999999999e-6	9.452341679804e-14
9.8	7.171999999999999e-6	9.705516235692e-14
9.8	7.334999999999999e-6	9.954434581308e-14
9.8	7.497999999999999e-6	1.019902561704e-13
9.8	7.661e-6	1.043923934934e-13
9.8	7.824e-6	1.067504462523e-13
9.8	7.987e-6	1.090642702281e-13
9.8	8.15e-6	1.113338690047e-13
9.8	8.313e-6	1.135593760338e-13
9.8	8.476e-6	1.157410382313e-13
9.8	8.639e-6	1.178792010458e-13
9.8	8.802e-6	1.19974294924e-13
9.8	8.965e-6	1.220268230898e-13
9.8	9.128e-6	1.240373505488e-13
9.8	9.291e-6	1.2600649423e-13
9.8	9.454e-6	1.279349141745e-13
9.8	9.617e-6	1.29823305685e-13
9.8	9.78e-6	1.316723923523e-13
9.8	9.943e-6	1.334829198802e-13
9.8	0.000010106	1.352556506347e-13
9.8	0.000010269	1.369913588459e-13
9.8	0.000010432	1.386908264013e-13
9.8	0.000010595	1.403548391684e-13
9.8	0.000010758	1.419841837935e-13
9.8	0.000010921	1.435796449261e-13
9.8	0.000011084	1.451420028244e-13
9.8	0.000011247	1.466720312991e-13
9.8	0.00001141	1.481704959598e-13
9.8	0.000011572999999999999	1.496381527295e-13
9.8	0.000011735999999999999	1.510757465964e-13
9.8	0.000011898999999999999	1.524840105761e-13
9.8	0.000012061999999999999	1.538636648599e-13
9.8	0.000012224999999999999	1.552154161269e-13
9.8	0.000012387999999999999	1.56539956999e-13
9.8	0.000012550999999999999	1.578379656238e-13
9.8	0.000012713999999999999	1.591101053669e-13
9.8	0.000012876999999999999	1.603570246015e-13
9.8	0.000013039999999999999	1.615793565814e-13
9.8	0.000013202999999999999	1.627777193875e-13
9.8	0.000013365999999999999	1.639527159374e-13
9.8	0.000013528999999999999	1.651049340482e-13
9.8	0.000013691999999999999	1.662349465476e-13
9.8	0.000013854999999999999	1.673433114228e-13
9.8	0.000014017999999999999	1.684305720045e-13
9.8	0.000014180999999999999	1.694972571777e-13
9.8	0.000014343999999999999	1.705438816171e-13
9.8	0.000014506999999999998	1.715709460409e-13
9.8	0.000014669999999999998	1.725789374809e-13
9.8	0.000014832999999999998	1.735683295644e-13
9.8	0.000014995999999999998	1.745395828058e-13
9.8	0.000015158999999999998	1.754931449058e-13
9.8	0.000015322	1.76429451055e-13
9.8	0.000015484999999999998	1.773489242407e-13
9.8	0.000015648	1.782519755555e-13
9.8	0.000015810999999999998	1.791390045055e-13
9.8	0.000015974	1.800103993182e-13
9.8	0.000016136999999999998	1.80866537247e-13
9.8	0.0000163	1.817077848743e-13
9.8	0.000016462999999999998	1.825344984092e-13
9.8	0.000016626	1.833470239823e-13
9.8	0.000016788999999999998	1.841456979346e-13
9.8	0.000016952	1.849308471013e-13
9.8	0.000017114999999999998	1.857027890905e-13
9.8	0.000017278	1.864618325555e-13
9.8	0.000017440999999999998	1.872082774606e-13
9.8	0.000017604	1.879424153414e-13
9.8	0.000017766999999999998	1.886645295586e-13
9.8	0.00001793	1.893748955442e-13
9.8	0.000018092999999999998	1.900737810431e-13
9.8	0.000018256	1.907614463463e-13
9.8	0.000018418999999999998	1.91438144519e-13
9.8	0.000018582	1.921041216212e-13
9.8	0.000018744999999999998	1.92759616923e-13
9.8	0.000018908	1.934048631128e-13
9.8	0.000019070999999999997	1.940400864994e-13
9.8	0.000019234	1.946655072083e-13
9.8	0.000019396999999999997	1.952813393719e-13
9.8	0.00001956	1.958877913136e-13
9.8	0.000019722999999999997	1.964850657267e-13
9.8	0.000019886	1.970733598472e-13
9.8	0.000020048999999999997	1.976528656213e-13
9.8	0.000020212	1.982237698677e-13
9.8	0.000020374999999999997	1.987862544345e-13
9.8	0.000020538	1.993404963515e-13
9.8	0.000020700999999999997	1.998866679768e-13
9.8	0.000020864	2.004249371396e-13
9.8	0.000021027	2.009554672778e-13
9.8	0.00002119	2.014784175711e-13
9.8	0.000021353	2.0199394307e-13
9.8	0.000021516	2.025021948205e-13
9.8	0.000021679	2.030033199849e-13
9.8	0.000021842	2.03497461958e-13
9.8	0.000022005	2.039847604805e-13
9.8	0.000022168	2.044653517477e-13
9.8	0.000022331	2.049393685156e-13
9.8	0.000022494	2.054069402023e-13
9.8	0.000022657	2.058681929876e-13
9.8	0.00002282	2.063232499078e-13
9.8	0.000022983	2.067722309486e-13
9.8	0.000023145999999999998	2.072152531346e-13
9.8	0.000023309	2.07652430615e-13
9.8	0.000023471999999999998	2.080838747485e-13
9.8	0.000023635	2.085096941829e-13
9.8	0.000023797999999999998	2.089299949346e-13
9.8	0.000023961	2.093448804636e-13
9.8	0.000024123999999999998	2.097544517471e-13
9.8	0.000024287	2.101588073505e-13
9.8	0.000024449999999999998	2.10558043496e-13
9.8	0.000024613	2.10952254129e-13
9.8	0.000024775999999999998	2.113415309827e-13
9.8	0.000024939	2.117259636398e-13
9.8	0.000025101999999999998	2.121056395936e-13
9.8	0.000025265	2.124806443055e-13
9.8	0.000025427999999999998	2.128510612623e-13
9.8	0.000025591	2.132169720303e-13
9.8	0.000025753999999999998	2.135784563085e-13
9.8	0.000025917	2.139355919801e-13
9.8	0.000026079999999999998	2.142884551621e-13
9.8	0.000026243	2.146371202534e-13
9.8	0.000026405999999999998	2.149816599813e-13
9.8	0.000026569	2.153221454471e-13
9.8	0.000026731999999999997	2.156586461696e-13
9.8	0.000026895	2.159912301277e-13
9.8	0.000027057999999999997	2.163199638014e-13
9.8	0.000027221	2.166449122118e-13
9.8	0.000027383999999999997	2.169661389595e-13
9.8	0.000027547	2.172837062627e-13
9.8	0.000027709999999999997	2.175976749926e-13
9.8	0.000027873	2.179081047096e-13
9.8	0.000028035999999999997	2.182150536967e-13
9.8	0.000028199	2.185185789931e-13
9.8	0.000028361999999999997	2.188187364262e-13
9.8	0.000028525	2.191155806428e-13
9.8	0.000028687999999999997	2.194091651394e-13
9.8	0.000028851	2.196995422914e-13
9.8	0.000029013999999999997	2.199867633818e-13
9.8	0.000029177	2.202708786287e-13
9.8	0.000029339999999999997	2.205519372122e-13
9.8	0.000029503	2.208299873007e-13
9.8	0.000029665999999999997	2.211050760756e-13
9.8	0.000029829	2.213772497565e-13
9.8	0.000029991999999999997	2.216465536247e-13
9.8	0.000030155	2.219130320463e-13
9.8	0.000030317999999999997	2.221767284951e-13
9.8	0.000030481	2.224376855739e-13
9.8	0.000030644	2.226959450364e-13
9.8	0.000030807	2.229515478071e-13
9.8	0.000030969999999999997	2.232045340019e-13
9.8	0.000031132999999999995	2.234549429473e-13
9.8	0.000031296	2.237028131996e-13
9.8	0.000031459	2.239481825628e-13
9.8	0.000031621999999999996	2.241910881071e-13
9.8	0.000031785	2.244315661859e-13
9.8	0.000031948	2.246696524528e-13
9.8	0.000032111	2.249053818781e-13
9.8	0.000032273999999999996	2.251387887648e-13
9.8	0.000032437	2.253699067639e-13
9.8	0.0000326	2.2559876889e-13